4e-07 1
4.841614255765724651e-07 9.802336999832508604e-17
4.841680517389603290e-07 9.805217311930431478e-17
4.841887021509476766e-07 9.807334763736654135e-17
4.842316820489848707e-07 9.808153167440761435e-17
4.842850292865883809e-07 9.811190836717234258e-17
4.843576115105764723e-07 9.817488041752044554e-17
4.844420055168765338e-07 9.826270946243660172e-17
4.845394316963440624e-07 9.822062590607780376e-17
4.846630298459091756e-07 9.824904605641058123e-17
4.847982739764157299e-07 9.831256102765567995e-17
4.849475153946070241e-07 9.836441007595080532e-17
4.851101822989398500e-07 9.844143174259330041e-17
4.852962007517358289e-07 9.848825038922793320e-17
4.854952118848024029e-07 9.857194669474789562e-17
4.857184657147137233e-07 9.862049790750938166e-17
4.859441396189076002e-07 9.869104542480170001e-17
4.861978914867905482e-07 9.873985227004388334e-17
4.864690532916770597e-07 9.883714715200351801e-17
4.867506727417343013e-07 9.891909347157726624e-17
4.870507282710816228e-07 9.901214342518644995e-17
4.873724849453085821e-07 9.910605047911571200e-17
4.877251164530794641e-07 9.924135135150858961e-17
4.880649604306859561e-07 9.930533235777491915e-17
4.884410184729980061e-07 9.942916915891906372e-17
4.888261457826700461e-07 9.953335608732197862e-17
4.892427850114870339e-07 9.968221526194666992e-17
4.896721038108771031e-07 9.974162053682846067e-17
4.901253609166386858e-07 9.989089289513259464e-17
4.905893489979762483e-07 1.000182890765545023e-16
4.910820194099599685e-07 1.001206349148653022e-16
4.915851455631768418e-07 1.002819669380841247e-16
4.921207296983954332e-07 1.004046930294327012e-16
4.926773135723334215e-07 1.005111872089172541e-16
4.932518603401519909e-07 1.006981089354216914e-16
4.938490232373429675e-07 1.008438826829041741e-16
4.944623557680746682e-07 1.009889046689815052e-16
4.951017180434407379e-07 1.011349374752009884e-16
4.957661534319185305e-07 1.012981410214375404e-16
4.964518349681277528e-07 1.014720443403643242e-16
4.971620590052824060e-07 1.016153568354428759e-16
4.978984653565921576e-07 1.018282866606938264e-16
4.986572705867667115e-07 1.020548460351328073e-16
4.994455929600070651e-07 1.021755421240945945e-16
5.002545797516287511e-07 1.024810658362151494e-16
5.010927702973452899e-07 1.026240354894690419e-16
5.019566920564218644e-07 1.028282321568554870e-16
5.028543978390324514e-07 1.031014878607145547e-16
5.037688216697826493e-07 1.032030774100393315e-16
5.047159124621698987e-07 1.034652392243640665e-16
5.056911032988532364e-07 1.036736541290602737e-16
5.067004297343775905e-07 1.039234293377212383e-16
5.077361565642044089e-07 1.041541070899356074e-16
5.088073389945641099e-07 1.043894187634904458e-16
5.099064656670129616e-07 1.046417141084112214e-16
5.110382987553770693e-07 1.048657348233184605e-16
5.121983003020552524e-07 1.051301582507909371e-16
5.134019539911430254e-07 1.053954063451492821e-16
5.146278757405690758e-07 1.057157385174429035e-16
5.158927315631131178e-07 1.059745490469054709e-16
5.171944318689986496e-07 1.062798159996913108e-16
5.185303018523634365e-07 1.065429412558853728e-16
5.199080929911599596e-07 1.068548273460962640e-16
5.213231237919296541e-07 1.072076288081566538e-16
5.227752998194716271e-07 1.074360885310378291e-16
5.242658230159364062e-07 1.078675038784082601e-16
5.257959756436296522e-07 1.080679658011627921e-16
5.273650780282326432e-07 1.083674514942954822e-16
5.289802525931874203e-07 1.087561865541917539e-16
5.306346770424752674e-07 1.090329946096792261e-16
5.323339518748922728e-07 1.093897271507303313e-16
5.340775935307479122e-07 1.097587014685898512e-16
5.358701259191603143e-07 1.101006820509335388e-16
5.377023506051022375e-07 1.104124059137234258e-16
5.395838536466529758e-07 1.108456062517886991e-16
5.415152142462326340e-07 1.111601252936011783e-16
5.434955499776072221e-07 1.115266225617137734e-16
5.455249168174773961e-07 1.118999979536714704e-16
5.476041266747366966e-07 1.122867411032156568e-16
5.497371419773245641e-07 1.127041476908371675e-16
5.519273144502027136e-07 1.131468152797786226e-16
5.541711125481967082e-07 1.135180834074554126e-16
5.564624643949910369e-07 1.138549965001145168e-16
5.588146731696113826e-07 1.142987081458994294e-16
5.612199157033396855e-07 1.146885316402732189e-16
5.636931641024903280e-07 1.151882128157583707e-16
5.662198406444266359e-07 1.154964748361911564e-16
5.688022310367039536e-07 1.159196899178374248e-16
5.714494993763805005e-07 1.163466001231419299e-16
5.741704352095428771e-07 1.167092971354755163e-16
5.769381043387774788e-07 1.171700458194679743e-16
5.797696658580282938e-07 1.175719121989028673e-16
5.826704119245914903e-07 1.180214405876626511e-16
5.856537323528784174e-07 1.184596165934687327e-16
5.886857878829139805e-07 1.188705603248833359e-16
5.918000800229017238e-07 1.192722960148824173e-16
5.949789182734815183e-07 1.197249507188843548e-16
5.982216888364468896e-07 1.202555898357213296e-16
6.015449774304074839e-07 1.206582354326494516e-16
6.049457071939070359e-07 1.209376215732297490e-16
6.084048156475525239e-07 1.215832033985373322e-16
6.119370242130281145e-07 1.218650986461427060e-16
6.155456918839380826e-07 1.223839860847917211e-16
6.192408106681416584e-07 1.227761501767388606e-16
6.230103096896885577e-07 1.231145979383806086e-16
6.268450938495736944e-07 1.234797379827405070e-16
6.307611447844965433e-07 1.237510514534365998e-16
6.347739647043376927e-07 1.240985888088357289e-16
6.388382534249591666e-07 1.244873869191800855e-16
6.429859753744424286e-07 1.248649784769867901e-16
6.472292144964053663e-07 1.252206730484330063e-16
6.515285742784390265e-07 1.254641062828842552e-16
6.559134404325116324e-07 1.257382405510020804e-16
6.603554048748178208e-07 1.259912188651613708e-16
6.649049144457970561e-07 1.262864781121019222e-16
6.695034344767349936e-07 1.264988669221077820e-16
6.741580735248166320e-07 1.268337272763635061e-16
6.789165676064564606e-07 1.269344983625183049e-16
6.837261075159818278e-07 1.269588666449447437e-16
6.885972536492351366e-07 1.271795464207942143e-16
6.935457287520616822e-07 1.271307393442691809e-16
6.985423432785774195e-07 1.271474348163503696e-16
7.035995826011750629e-07 1.271416131696382974e-16
7.087056443433042790e-07 1.270406500357348525e-16
7.138446582235958936e-07 1.268419646349069121e-16
7.190424708881645744e-07 1.266884476474146860e-16
7.242449232594595289e-07 1.264267007665215407e-16
7.294952692086637656e-07 1.261341001628188121e-16
7.347589390987768123e-07 1.257741801094384588e-16
7.400359377058087651e-07 1.253677661374546561e-16
7.453178019650631471e-07 1.247089001638752379e-16
7.505493221029867488e-07 1.242781657778040632e-16
7.558140432317306827e-07 1.236143022795471899e-16
7.610019313852874566e-07 1.230514833983578577e-16
7.661788867995417468e-07 1.219939960792375790e-16
7.712702830336889533e-07 1.210364731790117872e-16
7.763070827483928345e-07 1.201064641660876071e-16
7.812679244676086088e-07 1.191044050728748455e-16
7.861083750065771821e-07 1.179998808118490431e-16
7.908522137345647579e-07 1.170087568174988727e-16
7.954574018355252628e-07 1.157945023142180868e-16
7.999359440886548150e-07 1.145379077203831250e-16
8.042628525109226497e-07 1.134565416810341214e-16
8.084253212600851864e-07 1.122301997467358513e-16
8.124043944656071288e-07 1.110538815245420754e-16
8.162356931318790087e-07 1.099341425815712248e-16
8.198083719876133648e-07 1.089121446542352883e-16
8.232241229654832582e-07 1.076562705687783532e-16
8.264084335386273312e-07 1.065793839002893900e-16
8.294038095421676862e-07 1.055859327911497864e-16
8.321771709616783627e-07 1.046706693267163120e-16
8.347507752074790124e-07 1.038000933720567905e-16
8.371058364092318907e-07 1.029306558845318688e-16
8.392640687859940048e-07 1.021897134024501751e-16
8.412208257046517245e-07 1.014065183917797699e-16
8.429837580899565621e-07 1.007483867202751810e-16
8.445749769285657940e-07 1.001287617768381678e-16
8.459907751433371646e-07 9.957548956343417548e-17
8.472526954723328372e-07 9.908471674818934089e-17
8.483424578862665115e-07 9.858160584205569271e-17
8.493014111218444170e-07 9.809060203614210610e-17
8.501384007264281419e-07 9.770244961427299320e-17
8.508415921816489341e-07 9.737725269098374862e-17
8.514452542867627464e-07 9.692516208151361623e-17
8.519594203956400112e-07 9.665973632127121620e-17
8.523577403876303327e-07 9.628993959037559943e-17
8.526971475009775633e-07 9.598706092380205351e-17
8.529527652135926943e-07 9.590146438071684830e-17
8.531806534747144871e-07 9.550155931924640652e-17
8.533468902062036026e-07 9.525362304385539635e-17
8.534396300518807999e-07 9.503145593533716246e-17
8.535212467961016527e-07 9.485409765174518993e-17
8.535709570438264013e-07 9.470780009759815853e-17
8.536004156813258705e-07 9.449797571183613396e-17
8.536162468873435936e-07 9.431154377039029549e-17
8.536232020172743484e-07 9.417481321592103238e-17
8.536261102807758830e-07 9.404817564468475721e-17
8.536152829005277644e-07 9.402759774199185645e-17
8.536032468207413518e-07 9.376341525705453703e-17
8.535971293764565225e-07 9.376003312579047610e-17
8.535831680848625385e-07 9.356719744240840509e-17
8.535870483935118081e-07 9.341712074363468200e-17
8.536002106806494063e-07 1.348086825646592859e-16
8.536822694011625632e-07 1.348406000790720186e-16
8.538007157125709487e-07 1.348211695244828565e-16
8.539516940724437609e-07 1.349372438635810637e-16
8.541073242950312075e-07 1.349495576742288151e-16
8.543155072430893999e-07 1.350865505941842057e-16
8.545318235628961271e-07 1.351922264707207197e-16
8.547850672217065252e-07 1.353705269294521816e-16
8.550700956100279605e-07 1.352916616954249825e-16
8.553644955529475064e-07 1.353822925658832956e-16
8.556994195917748332e-07 1.355310423838392604e-16
8.560557609861505672e-07 1.356868009592740165e-16
8.564512794132737841e-07 1.357612922338789817e-16
8.568631181994799044e-07 1.359203488884681720e-16
8.573040771629079407e-07 1.361632366161506144e-16
8.577740447154104224e-07 1.361350499760893629e-16
8.582865187665403722e-07 1.362193759645600853e-16
8.588111423457198976e-07 1.364183888123590850e-16
8.593847784535026354e-07 1.366249162840602200e-16
8.599580348574329710e-07 1.367255177299489342e-16
8.605822972459820886e-07 1.373152279092276858e-16
8.612401249786061495e-07 1.370511011228643932e-16
8.619223301243111506e-07 1.372619259372560539e-16
8.626413765367389069e-07 1.375327991676964528e-16
8.633938936100247022e-07 1.376855067802228196e-16
8.641841355417970720e-07 1.378671897720733813e-16
8.649998793519635385e-07 1.380892209954049629e-16
8.658456974365041314e-07 1.382985219477577939e-16
8.667309305635732307e-07 1.385700395901356259e-16
8.676528927628416567e-07 1.388741685608306769e-16
8.686158007992613112e-07 1.390501799220273399e-16
8.696105971778489780e-07 1.393014868050413192e-16
8.706480646972646537e-07 1.395323925299198271e-16
8.717154286648830763e-07 1.399724108378453410e-16
8.728297633184801547e-07 1.402485001750204128e-16
8.739847882395305405e-07 1.404144584948827370e-16
8.751674649752774742e-07 1.407245438976137897e-16
8.764058514930760187e-07 1.410238255705067689e-16
8.776787872698274296e-07 1.413067684648521373e-16
8.790019481822769855e-07 1.419163837280401407e-16
8.803605878680999685e-07 1.420359547237038594e-16
8.817710270832510637e-07 1.423809196519832785e-16
8.832180607917232250e-07 1.427897112977900828e-16
8.847152232416184045e-07 1.430887270272158209e-16
8.862740965798430114e-07 1.434596257196431300e-16
8.878608586976436518e-07 1.439308452628330210e-16
8.895071033878756056e-07 1.442052211050198670e-16
8.912089567632328236e-07 1.446493471484691719e-16
8.929577914442026634e-07 1.452915736680772416e-16
8.947582922832288631e-07 1.455186425609979732e-16
8.966116633184720835e-07 1.459815057902501216e-16
8.985151154711836129e-07 1.466344269484808600e-16
9.004703749888577047e-07 1.472877280212274561e-16
9.025180287169117503e-07 1.472636441890283690e-16
9.046031059214584775e-07 1.477700310479297316e-16
9.067452722167905041e-07 1.483630341853090077e-16
9.089492186723897009e-07 1.490684661307308670e-16
9.112234497963455366e-07 1.493251557756453279e-16
9.135543274392213619e-07 1.497228211809668858e-16
9.159491423731815976e-07 1.504285115934125822e-16
9.184174867037930853e-07 1.509705094240412616e-16
9.209491733528212136e-07 1.514867341975269976e-16
9.235532642001405608e-07 1.519806390362940060e-16
9.262077200806330578e-07 1.526921211156045136e-16
9.289644302349689025e-07 1.531083432568321069e-16
9.317710472002571419e-07 1.537005796253567988e-16
9.346806565944717038e-07 1.542550300730140549e-16
9.376661034862805595e-07 1.548470781117275141e-16
9.407096765187331415e-07 1.556955441716808237e-16
9.438393766059324033e-07 1.561590056563128612e-16
9.470480112769784880e-07 1.566910196130120081e-16
9.503396785136024196e-07 1.573597289857078240e-16
9.537100111985704318e-07 1.580720614005047718e-16
9.571857090265820732e-07 1.587009037708848017e-16
9.607345581313411054e-07 1.593962149681360373e-16
9.643862197190148403e-07 1.602504689803238468e-16
9.681282658298106833e-07 1.610251099539317246e-16
9.719780224849410501e-07 1.615515176556209870e-16
9.759036515992233532e-07 1.623520544570012926e-16
9.799328595049498064e-07 1.630550368224011581e-16
9.840570746418175757e-07 1.637826185317883461e-16
9.883017314094383176e-07 1.644978469319840369e-16
9.926225211151656602e-07 1.652754858843269242e-16
9.970770665699388007e-07 1.661076295654152543e-16
1.001603156611089679e-06 1.669198245894855764e-16
1.006271447126471421e-06 1.676943980192576984e-16
1.011048421989308152e-06 1.684549274899554895e-16
1.015930722723359934e-06 1.692251378624409877e-16
1.020931727623887665e-06 1.699461393656549175e-16
1.026057872159564782e-06 1.708560859215650040e-16
1.031277198309439831e-06 1.715926739365608270e-16
1.036638348756020249e-06 1.725923906896945061e-16
1.042115493437209952e-06 1.734578689684515360e-16
1.047705218369640328e-06 1.741183698981588755e-16
1.053458717739817015e-06 1.757530432102628137e-16
1.059315639312287967e-06 1.759052433389950140e-16
1.065293175818028536e-06 1.765248328781946100e-16
1.071423482104539827e-06 1.773100483145736856e-16
1.077664178727490279e-06 1.780810190678130921e-16
1.084069923441935183e-06 1.790082323227602569e-16
1.090592511881597215e-06 1.796461072288979226e-16
1.097242579275343976e-06 1.804845862892318659e-16
1.104031117073931202e-06 1.817128130761448677e-16
1.110969216395541056e-06 1.821369131543042362e-16
1.118030748060011093e-06 1.828536403385286514e-16
1.125228024130881470e-06 1.836340129197048957e-16
1.132565793153104880e-06 1.842617454058983620e-16
1.140044181495762623e-06 1.849532473497635457e-16
1.147664996211882445e-06 1.860075397290625059e-16
1.155419041795482225e-06 1.864774719701868278e-16
1.163315143436814177e-06 1.869431674149922337e-16
1.171340970670262336e-06 1.877291917446958503e-16
1.179491024259825813e-06 1.880631105622095563e-16
1.187761542405806627e-06 1.884687860275764576e-16
1.196155966198581173e-06 1.889509342888300344e-16
1.204707695690412898e-06 1.896899291423608710e-16
1.213307345798384835e-06 1.896727412834020550e-16
1.222067723281208198e-06 1.902415739515354710e-16
1.230913104650298996e-06 1.910429091199857614e-16
1.239833284542667970e-06 1.908510131607627133e-16
1.248876613413769658e-06 1.906826348585787047e-16
1.257972325847422315e-06 1.906120861022729263e-16
1.267105420050528987e-06 1.905179941520771070e-16
1.276315374387049413e-06 1.902743692403798616e-16
1.285569784557929697e-06 1.901388453220789211e-16
1.294810709290904853e-06 1.896159662751447187e-16
1.304106701594819351e-06 1.891491513968286657e-16
1.313384648145150952e-06 1.887386884954183902e-16
1.322587907347678137e-06 1.877966260141128703e-16
1.331762800400747223e-06 1.869173559000255285e-16
1.340879118534831430e-06 1.858689994414078233e-16
1.349885588498023618e-06 1.845808407955676826e-16
1.358770763845799401e-06 1.834170950337704559e-16
1.367517131226266033e-06 1.817955452389156505e-16
1.376104778717962293e-06 1.803326600116098661e-16
1.384493970923461981e-06 1.786959448627951633e-16
1.392675554412304159e-06 1.769399035335051752e-16
1.400592192935221816e-06 1.751344071902806787e-16
1.408256324136971890e-06 1.733495562426240052e-16
1.415581802793149899e-06 1.712701345030599774e-16
1.422661174902423534e-06 1.692296638418045034e-16
1.429344867263376675e-06 1.673057636129607594e-16
1.435681884725356036e-06 1.656506573715256886e-16
1.441702986353862762e-06 1.635555151466455525e-16
1.447285627045527336e-06 1.619260730266165391e-16
1.452570120945252878e-06 1.599927454822326793e-16
1.457420495671038485e-06 1.584957697741225079e-16
1.461901876629506585e-06 1.570253691979471021e-16
1.465991657525435437e-06 1.554494974509067289e-16
1.469739246219538177e-06 1.539344761227008760e-16
1.473095568607293340e-06 1.527670931356499636e-16
1.476133302266937600e-06 1.515403653320851744e-16
1.478908052548834919e-06 1.504192926828918452e-16
1.481206873079073437e-06 1.495257073059526121e-16
1.483303224910121757e-06 1.487018953658067179e-16
1.485092568197662249e-06 1.475446749347431320e-16
1.486657302574486127e-06 1.467442328649589753e-16
1.487975366068516269e-06 1.463367541375680976e-16
1.489078287886873960e-06 1.451207560435242777e-16
1.490017609581846367e-06 1.446149976472655739e-16
1.490751614572240434e-06 1.438956387180281110e-16
1.491333287548034088e-06 1.433483820738585692e-16
1.491786349589656464e-06 1.428495310974448072e-16
1.492147091082363697e-06 1.422968164799762955e-16
1.492351122829731703e-06 1.417817549800626874e-16
1.492524183986579356e-06 1.412993500766700739e-16
1.492620487555030621e-06 1.411107690370209257e-16
1.492670885438408020e-06 1.406138476504647688e-16
1.492639200773887431e-06 1.402880024170431629e-16
1.492609685566186248e-06 1.398378384253455172e-16
1.492544514502478380e-06 1.396335188566754371e-16
1.492482774518076782e-06 1.391749128514784844e-16
1.492399994772366650e-06 1.390917103968597703e-16
1.492325442082506362e-06 1.387156514969590279e-16
1.492291473864707746e-06 1.384780963736438461e-16
1.492224955140711316e-06 1.384994738177974952e-16
1.492188096379878711e-06 1.379856845808028035e-16
1.492198957024431193e-06 1.377702316132592559e-16
1.5e-06 1