4.841614255765724651e-07 5.602011078842273347e-16
4.841680517389603290e-07 5.603657156556493707e-16
4.841887021509476766e-07 5.604867233050853686e-16
4.842316820489848707e-07 5.605334861467111110e-16
4.842850292865883809e-07 5.607070773477851739e-16
4.843576115105764723e-07 5.610669462728412913e-16
4.844420055168765338e-07 5.615688698618542625e-16
4.845394316963440624e-07 5.613283435972465466e-16
4.846630298459091756e-07 5.614907388698064196e-16
4.847982739764157299e-07 5.618536977271772221e-16
4.849475153946070241e-07 5.621499832481011296e-16
4.851101822989398500e-07 5.625901268226651075e-16
4.852962007517358289e-07 5.628576561291846381e-16
4.854952118848024029e-07 5.633359375245705924e-16
4.857184657147137233e-07 5.636133606561239036e-16
4.859441396189076002e-07 5.640164914746349299e-16
4.861978914867905482e-07 5.642953691376272812e-16
4.864690532916770597e-07 5.648513508307601198e-16
4.867506727417343013e-07 5.653196136628818051e-16
4.870507282710816228e-07 5.658513294899960721e-16
4.873724849453085821e-07 5.663879389837077304e-16
4.877251164530794641e-07 5.671611062536894316e-16
4.880649604306859561e-07 5.675266852504657824e-16
4.884410184729980061e-07 5.682343304330289978e-16
4.888261457826700461e-07 5.688296751339673911e-16
4.892427850114870339e-07 5.696803133361305971e-16
4.896721038108771031e-07 5.700197227818910549e-16
4.901253609166386858e-07 5.708727140555720260e-16
4.905893489979762483e-07 5.716006811962035664e-16
4.910820194099599685e-07 5.721854802447785693e-16
4.915851455631768418e-07 5.731073804343196347e-16
4.921207296983954332e-07 5.738086420228378562e-16
4.926773135723334215e-07 5.744171340845705010e-16
4.932518603401519909e-07 5.754852618455953818e-16
4.938490232373429675e-07 5.763182253579167330e-16
4.944623557680746682e-07 5.771468886165022413e-16
4.951017180434407379e-07 5.779813225547496437e-16
4.957661534319185305e-07 5.789138804726075202e-16
4.964518349681277528e-07 5.799075818234045838e-16
4.971620590052824060e-07 5.807264522042214545e-16
4.978984653565921576e-07 5.819431755572020061e-16
4.986572705867667115e-07 5.832377852532015639e-16
4.994455929600070651e-07 5.839273848931384188e-16
5.002545797516287511e-07 5.856732583215267620e-16
5.010927702973452899e-07 5.864901373919822284e-16
5.019566920564218644e-07 5.876569185261226857e-16
5.028543978390324514e-07 5.892183590373718094e-16
5.037688216697826493e-07 5.897987337451499554e-16
5.047159124621698987e-07 5.912967599076743382e-16
5.056911032988532364e-07 5.924876185063296664e-16
5.067004297343775905e-07 5.939148392542113313e-16
5.077361565642044089e-07 5.952329119580698923e-16
5.088073389945641099e-07 5.965774576014009569e-16
5.099064656670129616e-07 5.980190555931941884e-16
5.110382987553770693e-07 5.992990571558916431e-16
5.121983003020552524e-07 6.008099486364765102e-16
5.134019539911430254e-07 6.023255409738538973e-16
5.146278757405690758e-07 6.041559266281075238e-16
5.158927315631131178e-07 6.056347102955802471e-16
5.171944318689986496e-07 6.073789771564712978e-16
5.185303018523634365e-07 6.088823977817643598e-16
5.199080929911599596e-07 6.106644692944231152e-16
5.213231237919296541e-07 6.126803561983921902e-16
5.227752998194716271e-07 6.139856314366526169e-16
5.242658230159364062e-07 6.164507637500733137e-16
5.257959756436296522e-07 6.175960102227591792e-16
5.273650780282326432e-07 6.193071538540019615e-16
5.289802525931874203e-07 6.215283321465533056e-16
5.306346770424752674e-07 6.231098479230521110e-16
5.323339518748922728e-07 6.251481072658630830e-16
5.340775935307479122e-07 6.272563115058491215e-16
5.358701259191603143e-07 6.292102335720453846e-16
5.377023506051022375e-07 6.309912283877172066e-16
5.395838536466529758e-07 6.334664267009865231e-16
5.415152142462326340e-07 6.352633610197718112e-16
5.434955499776072221e-07 6.373573255649924901e-16
5.455249168174773961e-07 6.394905794568155829e-16
5.476041266747366966e-07 6.417002092812233870e-16
5.497371419773245641e-07 6.440850553644479033e-16
5.519273144502027136e-07 6.466142420236811457e-16
5.541711125481967082e-07 6.487353723216971335e-16
5.564624643949910369e-07 6.506601507115899864e-16
5.588146731696113826e-07 6.531952395701107556e-16
5.612199157033396855e-07 6.554223459874125412e-16
5.636931641024903280e-07 6.582772405557523338e-16
5.662198406444266359e-07 6.600381907798781492e-16
5.688022310367039536e-07 6.624560503783811187e-16
5.714494993763805005e-07 6.648949997412703170e-16
5.741704352095428771e-07 6.669669552753548817e-16
5.769381043387774788e-07 6.695992310105930556e-16
5.797696658580282938e-07 6.718949799064029835e-16
5.826704119245914903e-07 6.744630753025916179e-16
5.856537323528784174e-07 6.769662595313670390e-16
5.886857878829139805e-07 6.793137928971265778e-16
5.918000800229017238e-07 6.816086690734975485e-16
5.949789182734815183e-07 6.841945022218365599e-16
5.982216888364468896e-07 6.872259616413152055e-16
6.015449774304074839e-07 6.895259369580465691e-16
6.049457071939070359e-07 6.911214854108873786e-16
6.084048156475525239e-07 6.948096975358025497e-16
6.119370242130281145e-07 6.964195176271704642e-16
6.155456918839380826e-07 6.993836327272278080e-16
6.192408106681416584e-07 7.016235226638520373e-16
6.230103096896885577e-07 7.035564035490505965e-16
6.268450938495736944e-07 7.056417852723193581e-16
6.307611447844965433e-07 7.071909408669090164e-16
6.347739647043376927e-07 7.091756402264153214e-16
6.388382534249591666e-07 7.113960948740848780e-16
6.429859753744424286e-07 7.135524626129133876e-16
6.472292144964053663e-07 7.155836473980795832e-16
6.515285742784390265e-07 7.169732694576827754e-16
6.559134404325116324e-07 7.185382884620675930e-16
6.603554048748178208e-07 7.199823734787535136e-16
6.649049144457970561e-07 7.216680186842700505e-16
6.695034344767349936e-07 7.228800627456767393e-16
6.741580735248166320e-07 7.247919335400196598e-16
6.789165676064564606e-07 7.253660443117004337e-16
6.837261075159818278e-07 7.255035190321488359e-16
6.885972536492351366e-07 7.267627722256806154e-16
6.935457287520616822e-07 7.264820084022463059e-16
6.985423432785774195e-07 7.265755244096589809e-16
7.035995826011750629e-07 7.265403309714184138e-16
7.087056443433042790e-07 7.259614282765184923e-16
7.138446582235958936e-07 7.248240789612224057e-16
7.190424708881645744e-07 7.239448077865371655e-16
7.242449232594595289e-07 7.224470610557252248e-16
7.294952692086637656e-07 7.207729806998067243e-16
7.347589390987768123e-07 7.187142047922447338e-16
7.400359377058087651e-07 7.163897401672688226e-16
7.453178019650631471e-07 7.126226885983008057e-16
7.505493221029867488e-07 7.101592703726696455e-16
7.558140432317306827e-07 7.063636795555268070e-16
7.610019313852874566e-07 7.031455204492695138e-16
7.661788867995417468e-07 6.971007255237277083e-16
7.712702830336889533e-07 6.916272037574447464e-16
7.763070827483928345e-07 6.863109420110652253e-16
7.812679244676086088e-07 6.805830220249204073e-16
7.861083750065771821e-07 6.742696685709776512e-16
7.908522137345647579e-07 6.686043623387953483e-16
7.954574018355252628e-07 6.616641359335197848e-16
7.999359440886548150e-07 6.544820507719663275e-16
8.042628525109226497e-07 6.483013256989129745e-16
8.084253212600851864e-07 6.412922837495266802e-16
8.124043944656071288e-07 6.345691781981705221e-16
8.162356931318790087e-07 6.281694512201996056e-16
8.198083719876133648e-07 6.223283419043939434e-16
8.232241229654832582e-07 6.151509368759358611e-16
8.264084335386273312e-07 6.089963806911748754e-16
8.294038095421676862e-07 6.033186660303951790e-16
8.321771709616783627e-07 5.980878148770940123e-16
8.347507752074790124e-07 5.931123960989517244e-16
8.371058364092318907e-07 5.881435759842763208e-16
8.392640687859940048e-07 5.839090568309317926e-16
8.412208257046517245e-07 5.794331911367381592e-16
8.429837580899565621e-07 5.756720116505775301e-16
8.445749769285657940e-07 5.721309267813028693e-16
8.459907751433371646e-07 5.689690469937143247e-16
8.472526954723328372e-07 5.661643451104258542e-16
8.483424578862665115e-07 5.632892094560363012e-16
8.493014111218444170e-07 5.604833029995190364e-16
8.501384007264281419e-07 5.582651285886396723e-16
8.508415921816489341e-07 5.564067268271388234e-16
8.514452542867627464e-07 5.538233003931294156e-16
8.519594203956400112e-07 5.523064961848495902e-16
8.523577403876303327e-07 5.501933657562431418e-16
8.526971475009775633e-07 5.484626215455948225e-16
8.529527652135926943e-07 5.479734402447221850e-16
8.531806534747144871e-07 5.456883348152953211e-16
8.533468902062036026e-07 5.442715888967374733e-16
8.534396300518807999e-07 5.430021116721034590e-16
8.535212467961016527e-07 5.419886724544093614e-16
8.535709570438264013e-07 5.411527228527523972e-16
8.536004156813258705e-07 5.399537931052477465e-16
8.536162468873435936e-07 5.388885306212926836e-16
8.536232020172743484e-07 5.381072609074997495e-16
8.536261102807758830e-07 5.373836630773436294e-16
8.536152829005277644e-07 5.372660863187671411e-16
8.536032468207413518e-07 5.357565730876521480e-16
8.535971293764565225e-07 5.357372499542113640e-16
8.535831680848625385e-07 5.346354072102323432e-16
8.535870483935118081e-07 5.337778797560955037e-16
8.536002106806494063e-07 7.702859130633520838e-16
8.536822694011625632e-07 7.704682468181425490e-16
8.538007157125709487e-07 7.703571639764359915e-16
8.539516940724437609e-07 7.710203289824705970e-16
8.541073242950312075e-07 7.710906124769777461e-16
8.543155072430893999e-07 7.718732760897077627e-16
8.545318235628961271e-07 7.724769925075606704e-16
8.547850672217065252e-07 7.734956611688024864e-16
8.550700956100279605e-07 7.730448911315942872e-16
8.553644955529475064e-07 7.735626025285803479e-16
8.556994195917748332e-07 7.744123801386877235e-16
8.560557609861505672e-07 7.753021941060117388e-16
8.564512794132737841e-07 7.757276341868119230e-16
8.568631181994799044e-07 7.766362645848325794e-16
8.573040771629079407e-07 7.780238827353873772e-16
8.577740447154104224e-07 7.778625926061522876e-16
8.582865187665403722e-07 7.783441673737319467e-16
8.588111423457198976e-07 7.794810448542435571e-16
8.593847784535026354e-07 7.806608346268031151e-16
8.599580348574329710e-07 7.812353732458410609e-16
8.605822972459820886e-07 7.846046008566905475e-16
8.612401249786061495e-07 7.830950770057583724e-16
8.619223301243111506e-07 7.842993624723455548e-16
8.626413765367389069e-07 7.858467377530266774e-16
8.633938936100247022e-07 7.867189097437050983e-16
8.641841355417970720e-07 7.877566232125574684e-16
8.649998793519635385e-07 7.890248670933834819e-16
8.658456974365041314e-07 7.902203546958243907e-16
8.667309305635732307e-07 7.917713184943221980e-16
8.676528927628416567e-07 7.935085979628267699e-16
8.686158007992613112e-07 7.945138071222449540e-16
8.696105971778489780e-07 7.959492260740287856e-16
8.706480646972646537e-07 7.972680511516163167e-16
8.717154286648830763e-07 7.997816966879588524e-16
8.728297633184801547e-07 8.013586481993770763e-16
8.739847882395305405e-07 8.023063038855800348e-16
8.751674649752774742e-07 8.040774618368855007e-16
8.764058514930760187e-07 8.057868560719514298e-16
8.776787872698274296e-07 8.074028713043757293e-16
8.790019481822769855e-07 8.108854049681942006e-16
8.803605878680999685e-07 8.115678877382158551e-16
8.817710270832510637e-07 8.135381996184711021e-16
8.832180607917232250e-07 8.158731806191736724e-16
8.847152232416184045e-07 8.175808907301889832e-16
8.862740965798430114e-07 8.196992873136471101e-16
8.878608586976436518e-07 8.223908752743212307e-16
8.895071033878756056e-07 8.239577007090302542e-16
8.912089567632328236e-07 8.264944056085328650e-16
8.929577914442026634e-07 8.301629780007417070e-16
8.947582922832288631e-07 8.314593978040942585e-16
8.966116633184720835e-07 8.341030548388869212e-16
8.985151154711836129e-07 8.378326187281577927e-16
9.004703749888577047e-07 8.415643122084316102e-16
9.025180287169117503e-07 8.414255424656491126e-16
9.046031059214584775e-07 8.443177142493582210e-16
9.067452722167905041e-07 8.477047434706082289e-16
9.089492186723897009e-07 8.517341099333895585e-16
9.112234497963455366e-07 8.531994405033300795e-16
9.135543274392213619e-07 8.554702223886215517e-16
9.159491423731815976e-07 8.595009134544645985e-16
9.184174867037930853e-07 8.625962580125741449e-16
9.209491733528212136e-07 8.655442918304326873e-16
9.235532642001405608e-07 8.683647394538680534e-16
9.262077200806330578e-07 8.724283008942087126e-16
9.289644302349689025e-07 8.748047738761594323e-16
9.317710472002571419e-07 8.781868809254818984e-16
9.346806565944717038e-07 8.813530121734881674e-16
9.376661034862805595e-07 8.847338954841357410e-16
9.407096765187331415e-07 8.895797887358959458e-16
9.438393766059324033e-07 8.922258490909473229e-16
9.470480112769784880e-07 8.952635199023487171e-16
9.503396785136024196e-07 8.990821326863398108e-16
9.537100111985704318e-07 9.031499114084883770e-16
9.571857090265820732e-07 9.067405726338490999e-16
9.607345581313411054e-07 9.107109299377081820e-16
9.643862197190148403e-07 9.155893087213168992e-16
9.681282658298106833e-07 9.200127255304224179e-16
9.719780224849410501e-07 9.230177661515404621e-16
9.759036515992233532e-07 9.275889490697824616e-16
9.799328595049498064e-07 9.316026545374276506e-16
9.840570746418175757e-07 9.357568057440431806e-16
9.883017314094383176e-07 9.398402570136692797e-16
9.926225211151656602e-07 9.442801913938497699e-16
9.970770665699388007e-07 9.490313943358934101e-16
1.001603156611089679e-06 9.536685273026000246e-16
1.006271447126471421e-06 9.580905678805540447e-16
1.011048421989308152e-06 9.624322455682209787e-16
1.015930722723359934e-06 9.668291078587082051e-16
1.020931727623887665e-06 9.709446898780191281e-16
1.026057872159564782e-06 9.761396148294748884e-16
1.031277198309439831e-06 9.803439766223592534e-16
1.036638348756020249e-06 9.860514785043312102e-16
1.042115493437209952e-06 9.909918969095699655e-16
1.047705218369640328e-06 9.947611007399939458e-16
1.053458717739817015e-06 1.004095669247667572e-15
1.059315639312287967e-06 1.004960559001606952e-15
1.065293175818028536e-06 1.008495538453465542e-15
1.071423482104539827e-06 1.012976558370171336e-15
1.077664178727490279e-06 1.017376035688191901e-15
1.084069923441935183e-06 1.022667910748313743e-15
1.090592511881597215e-06 1.026306630419523844e-15
1.097242579275343976e-06 1.031091203615638979e-15
1.104031117073931202e-06 1.038102151466401954e-15
1.110969216395541056e-06 1.040519008351628374e-15
1.118030748060011093e-06 1.044607414505308580e-15
1.125228024130881470e-06 1.049059205580740147e-15
1.132565793153104880e-06 1.052638784441263926e-15
1.140044181495762623e-06 1.056582445928527010e-15
1.147664996211882445e-06 1.062598383146514353e-15
1.155419041795482225e-06 1.065275842644870347e-15
1.163315143436814177e-06 1.067928883695293072e-15
1.171340970670262336e-06 1.072411610653433911e-15
1.179491024259825813e-06 1.074311450356716820e-15
1.187761542405806627e-06 1.076621001808600046e-15
1.196155966198581173e-06 1.079367189840524804e-15
1.204707695690412898e-06 1.083580331358277359e-15
1.213307345798384835e-06 1.083473734801837106e-15
1.222067723281208198e-06 1.086714438648705972e-15
1.230913104650298996e-06 1.091283053595347465e-15
1.239833284542667970e-06 1.090177926315758731e-15
1.248876613413769658e-06 1.089206963885016854e-15
1.257972325847422315e-06 1.088794709784960686e-15
1.267105420050528987e-06 1.088247877299992473e-15
1.276315374387049413e-06 1.086846775049716271e-15
1.285569784557929697e-06 1.086063049594045654e-15
1.294810709290904853e-06 1.083066750594413653e-15
1.304106701594819351e-06 1.080390608189882802e-15
1.313384648145150952e-06 1.078036334621067637e-15
1.322587907347678137e-06 1.072645754829998662e-15
1.331762800400747223e-06 1.067613885977463642e-15
1.340879118534831430e-06 1.061616344429648388e-15
1.349885588498023618e-06 1.054249312756159158e-15
1.358770763845799401e-06 1.047593068442580677e-15
1.367517131226266033e-06 1.038322289795046305e-15
1.376104778717962293e-06 1.029957987482504489e-15
1.384493970923461981e-06 1.020601176296566699e-15
1.392675554412304159e-06 1.010563180285853429e-15
1.400592192935221816e-06 1.000243129972293319e-15
1.408256324136971890e-06 9.900413774510972889e-16
1.415581802793149899e-06 9.781577443682674811e-16
1.422661174902423534e-06 9.664969643762498328e-16
1.429344867263376675e-06 9.555024738903610287e-16
1.435681884725356036e-06 9.460435623057779438e-16
1.441702986353862762e-06 9.340720064102827743e-16
1.447285627045527336e-06 9.247606328623190288e-16
1.452570120945252878e-06 9.137141647662355171e-16
1.457420495671038485e-06 9.051602106999346483e-16
1.461901876629506585e-06 8.967584603175262595e-16
1.465991657525435437e-06 8.877548251567257552e-16
1.469739246219538177e-06 8.790990979077164394e-16
1.473095568607293340e-06 8.724291155607228444e-16
1.476133302266937600e-06 8.654205710787297825e-16
1.478908052548834919e-06 8.590156929996476257e-16
1.481206873079073437e-06 8.539104306136424015e-16
1.483303224910121757e-06 8.492038418010882419e-16
1.485092568197662249e-06 8.425935405465058791e-16
1.486657302574486127e-06 8.380209470406222194e-16
1.487975366068516269e-06 8.356927118167210094e-16
1.489078287886873960e-06 8.287474347188957028e-16
1.490017609581846367e-06 8.258583159808929021e-16
1.490751614572240434e-06 8.217495750816525952e-16
1.491333287548034088e-06 8.186238087327323105e-16
1.491786349589656464e-06 8.157745944998879246e-16
1.492147091082363697e-06 8.126178661808380683e-16
1.492351122829731703e-06 8.096763080951329852e-16
1.492524183986579356e-06 8.069212718817875297e-16
1.492620487555030621e-06 8.058442516089323223e-16
1.492670885438408020e-06 8.030064270699109232e-16
1.492639200773887431e-06 8.011456441832294002e-16
1.492609685566186248e-06 7.985749094640994540e-16
1.492544514502478380e-06 7.974081552460936507e-16
1.492482774518076782e-06 7.947892386628366702e-16
1.492399994772366650e-06 7.943141657951571224e-16
1.492325442082506362e-06 7.921666635215499456e-16
1.492291473864707746e-06 7.908100819224130161e-16
1.492224955140711316e-06 7.909322211698105239e-16
1.492188096379878711e-06 7.879981451595861904e-16
1.492198957024431193e-06 7.867677432372830840e-16
