4.8e-07 1
4.841614255765724651e-07 8.489072858311091830e-18
4.841680517389603290e-07 8.491567281758718582e-18
4.841887021509476766e-07 8.493401048814197530e-18
4.842316820489848707e-07 8.494109807212506530e-18
4.842850292865883809e-07 8.496740505974228414e-18
4.843576115105764723e-07 8.502194045507212354e-18
4.844420055168765338e-07 8.509800263915964973e-18
4.845394316963440624e-07 8.506155721027132557e-18
4.846630298459091756e-07 8.508616978243886948e-18
4.847982739764157299e-07 8.514117536105778394e-18
4.849475153946070241e-07 8.518607795404339956e-18
4.851101822989398500e-07 8.525278067399761477e-18
4.852962007517358289e-07 8.529332681135401529e-18
4.854952118848024029e-07 8.536580993813721702e-18
4.857184657147137233e-07 8.540785652177319301e-18
4.859441396189076002e-07 8.546895246392227808e-18
4.861978914867905482e-07 8.551122043178057381e-18
4.864690532916770597e-07 8.559548027121582814e-18
4.867506727417343013e-07 8.566644786571333916e-18
4.870507282710816228e-07 8.574703148935984786e-18
4.873724849453085821e-07 8.582835738365713896e-18
4.877251164530794641e-07 8.594553137630357638e-18
4.880649604306859561e-07 8.600094055308990981e-18
4.884410184729980061e-07 8.610818636880412412e-18
4.888261457826700461e-07 8.619841489554333686e-18
4.892427850114870339e-07 8.632733072235470371e-18
4.896721038108771031e-07 8.637877719952113020e-18
4.901253609166386858e-07 8.650805085389533102e-18
4.905893489979762483e-07 8.661837918335181938e-18
4.910820194099599685e-07 8.670701327930059844e-18
4.915851455631768418e-07 8.684673090985203621e-18
4.921207296983954332e-07 8.695301482266707588e-18
4.926773135723334215e-07 8.704524148745586994e-18
4.932518603401519909e-07 8.720712045112795486e-18
4.938490232373429675e-07 8.733336421965265529e-18
4.944623557680746682e-07 8.745895694370289286e-18
4.951017180434407379e-07 8.758542506367489646e-18
4.957661534319185305e-07 8.772676348070345695e-18
4.964518349681277528e-07 8.787736817269646865e-18
4.971620590052824060e-07 8.800148043411425012e-18
4.978984653565921576e-07 8.818588307200493915e-18
4.986572705867667115e-07 8.838208924573460449e-18
4.994455929600070651e-07 8.848661512491294339e-18
5.002545797516287511e-07 8.875120642106786929e-18
5.010927702973452899e-07 8.887502177275597960e-18
5.019566920564218644e-07 8.905186127408075947e-18
5.028543978390324514e-07 8.928850765535172704e-18
5.037688216697826493e-07 8.937648678582599360e-18
5.047159124621698987e-07 8.960352557693345177e-18
5.056911032988532364e-07 8.978401817892765531e-18
5.067004297343775905e-07 9.000032985486362132e-18
5.077361565642044089e-07 9.020010264836915706e-18
5.088073389945641099e-07 9.040388853547466848e-18
5.099064656670129616e-07 9.062238271343261591e-18
5.110382987553770693e-07 9.081639034351624996e-18
5.121983003020552524e-07 9.104538774906315867e-18
5.134019539911430254e-07 9.127509933708289432e-18
5.146278757405690758e-07 9.155251513593862885e-18
5.158927315631131178e-07 9.177665162922011634e-18
5.171944318689986496e-07 9.204102056526851979e-18
5.185303018523634365e-07 9.226889372150985871e-18
5.199080929911599596e-07 9.253899499871949516e-18
5.213231237919296541e-07 9.284453002735609386e-18
5.227752998194716271e-07 9.304238195111272729e-18
5.242658230159364062e-07 9.341599860151801494e-18
5.257959756436296522e-07 9.358960371911492395e-18
5.273650780282326432e-07 9.384896593743781283e-18
5.289802525931874203e-07 9.418562037464965914e-18
5.306346770424752674e-07 9.442534318267398216e-18
5.323339518748922728e-07 9.473428262558081348e-18
5.340775935307479122e-07 9.505382375819119024e-18
5.358701259191603143e-07 9.534998763010181346e-18
5.377023506051022375e-07 9.561994841424366992e-18
5.395838536466529758e-07 9.599511091193620703e-18
5.415152142462326340e-07 9.626749239211975067e-18
5.434955499776072221e-07 9.658488833672285638e-18
5.455249168174773961e-07 9.690824091130621471e-18
5.476041266747366966e-07 9.724317030355106592e-18
5.497371419773245641e-07 9.760465501213827821e-18
5.519273144502027136e-07 9.798801638959359006e-18
5.541711125481967082e-07 9.830954401977717964e-18
5.564624643949910369e-07 9.860131931688751880e-18
5.588146731696113826e-07 9.898558487409226909e-18
5.612199157033396855e-07 9.932318192321199100e-18
5.636931641024903280e-07 9.975591851497498849e-18
5.662198406444266359e-07 1.000228812556916944e-17
5.688022310367039536e-07 1.003893962676620785e-17
5.714494993763805005e-07 1.007591113505906182e-17
5.741704352095428771e-07 1.010732161771482233e-17
5.769381043387774788e-07 1.014722362422459330e-17
5.797696658580282938e-07 1.018202627357634085e-17
5.826704119245914903e-07 1.022095657401516892e-17
5.856537323528784174e-07 1.025890372925085610e-17
5.886857878829139805e-07 1.029449250034395722e-17
5.918000800229017238e-07 1.032928383165856455e-17
5.949789182734815183e-07 1.036848487893938360e-17
5.982216888364468896e-07 1.041443957448164031e-17
6.015449774304074839e-07 1.044930970604781019e-17
6.049457071939070359e-07 1.047350525556859369e-17
6.084048156475525239e-07 1.052941428166238070e-17
6.119370242130281145e-07 1.055382712622561876e-17
6.155456918839380826e-07 1.059876409658308642e-17
6.192408106681416584e-07 1.063272650319091523e-17
6.230103096896885577e-07 1.066203693913449200e-17
6.268450938495736944e-07 1.069365899456995333e-17
6.307611447844965433e-07 1.071715543037112867e-17
6.347739647043376927e-07 1.074725304822510056e-17
6.388382534249591666e-07 1.078092395227525722e-17
6.429859753744424286e-07 1.081362434040677243e-17
6.472292144964053663e-07 1.084442839389283703e-17
6.515285742784390265e-07 1.086551033040885831e-17
6.559134404325116324e-07 1.088925105443264617e-17
6.603554048748178208e-07 1.091115961909949533e-17
6.649049144457970561e-07 1.093672981995477400e-17
6.695034344767349936e-07 1.095512323044923743e-17
6.741580735248166320e-07 1.098412298779980957e-17
6.789165676064564606e-07 1.099285001985750794e-17
6.837261075159818278e-07 1.099496037502029885e-17
6.885972536492351366e-07 1.101407180421900949e-17
6.935457287520616822e-07 1.100984498740349462e-17
6.985423432785774195e-07 1.101129085769854367e-17
7.035995826011750629e-07 1.101078668830408985e-17
7.087056443433042790e-07 1.100204302442348442e-17
7.138446582235958936e-07 1.098483636397567429e-17
7.190424708881645744e-07 1.097154140286760248e-17
7.242449232594595289e-07 1.094887345804612005e-17
7.294952692086637656e-07 1.092353350244919769e-17
7.347589390987768123e-07 1.089236351149331744e-17
7.400359377058087651e-07 1.085716702907422230e-17
7.453178019650631471e-07 1.080010756199332933e-17
7.505493221029867488e-07 1.076280486993121813e-17
7.558140432317306827e-07 1.070531260451765007e-17
7.610019313852874566e-07 1.065657105963370236e-17
7.661788867995417468e-07 1.056498997137989437e-17
7.712702830336889533e-07 1.048206605574980657e-17
7.763070827483928345e-07 1.040152491265572264e-17
7.812679244676086088e-07 1.031474404957417901e-17
7.861083750065771821e-07 1.021908944265971871e-17
7.908522137345647579e-07 1.013325558691896328e-17
7.954574018355252628e-07 1.002809806226888426e-17
7.999359440886548150e-07 9.919273778216956163e-18
8.042628525109226497e-07 9.825624732130357025e-18
8.084253212600851864e-07 9.719420405247512417e-18
8.124043944656071288e-07 9.617548258912075761e-18
8.162356931318790087e-07 9.520576021890128398e-18
8.198083719876133648e-07 9.432068405121332379e-18
8.232241229654832582e-07 9.323306518925305654e-18
8.264084335386273312e-07 9.230045397734481519e-18
8.294038095421676862e-07 9.144010007941208282e-18
8.321771709616783627e-07 9.064745866805695543e-18
8.347507752074790124e-07 8.989351777539793028e-18
8.371058364092318907e-07 8.914056282419882476e-18
8.392640687859940048e-07 8.849888781197297824e-18
8.412208257046517245e-07 8.782062103661518837e-18
8.429837580899565621e-07 8.725066229005708656e-18
8.445749769285657940e-07 8.671405134822214927e-18
8.459907751433371646e-07 8.623490355620622935e-18
8.472526954723328372e-07 8.580988183071739624e-18
8.483424578862665115e-07 8.537417500508465967e-18
8.493014111218444170e-07 8.494895323580864351e-18
8.501384007264281419e-07 8.461280337792954731e-18
8.508415921816489341e-07 8.433117458112851180e-18
8.514452542867627464e-07 8.393965262851498439e-18
8.519594203956400112e-07 8.370978717732628011e-18
8.523577403876303327e-07 8.338953381413423288e-18
8.526971475009775633e-07 8.312723319461719016e-18
8.529527652135926943e-07 8.305310441382924973e-18
8.531806534747144871e-07 8.270677647149388986e-18
8.533468902062036026e-07 8.249205735848557074e-18
8.534396300518807999e-07 8.229965499862346096e-18
8.535212467961016527e-07 8.214605821946121450e-18
8.535709570438264013e-07 8.201936082105835940e-18
8.536004156813258705e-07 8.183764757265496183e-18
8.536162468873435936e-07 8.167619277528603036e-18
8.536232020172743484e-07 8.155778064164208956e-18
8.536261102807758830e-07 8.144810928787791988e-18
8.536152829005277644e-07 8.143028830138926391e-18
8.536032468207413518e-07 8.120149955819865694e-18
8.535971293764565225e-07 8.119857054660503794e-18
8.535831680848625385e-07 8.103156994604003006e-18
8.535870483935118081e-07 8.090159971238588787e-18
8.536002106806494063e-07 1.167477437517072875e-17
8.536822694011625632e-07 1.167753851300143551e-17
8.538007157125709487e-07 1.167585577761305221e-17
8.539516940724437609e-07 1.168590811025170808e-17
8.541073242950312075e-07 1.168697451753553863e-17
8.543155072430893999e-07 1.169883845241753895e-17
8.545318235628961271e-07 1.170799025178231890e-17
8.547850672217065252e-07 1.172343152445910344e-17
8.550700956100279605e-07 1.171660159484480803e-17
8.553644955529475064e-07 1.172445045846320984e-17
8.556994195917748332e-07 1.173733257057902645e-17
8.560557609861505672e-07 1.175082165889740504e-17
8.564512794132737841e-07 1.175727279251422294e-17
8.568631181994799044e-07 1.177104750286574285e-17
8.573040771629079407e-07 1.179208219710979026e-17
8.577740447154104224e-07 1.178964116247575423e-17
8.582865187665403722e-07 1.179694400729723848e-17
8.588111423457198976e-07 1.181417902548458231e-17
8.593847784535026354e-07 1.183206482919183910e-17
8.599580348574329710e-07 1.184077716997154503e-17
8.605822972459820886e-07 1.189184756958411321e-17
8.612401249786061495e-07 1.186897351890305672e-17
8.619223301243111506e-07 1.188723148340418948e-17
8.626413765367389069e-07 1.191068979328084366e-17
8.633938936100247022e-07 1.192391466046075307e-17
8.641841355417970720e-07 1.193964886909856915e-17
8.649998793519635385e-07 1.195887733708241802e-17
8.658456974365041314e-07 1.197700333125979981e-17
8.667309305635732307e-07 1.200051744884728540e-17
8.676528927628416567e-07 1.202685579031216039e-17
8.686158007992613112e-07 1.204209882132725795e-17
8.696105971778489780e-07 1.206386263581085736e-17
8.706480646972646537e-07 1.208385965817326117e-17
8.717154286648830763e-07 1.212196636145263432e-17
8.728297633184801547e-07 1.214587639942339555e-17
8.739847882395305405e-07 1.216024881152041307e-17
8.751674649752774742e-07 1.218710299513119414e-17
8.764058514930760187e-07 1.221302154829243830e-17
8.776787872698274296e-07 1.223752512172477513e-17
8.790019481822769855e-07 1.229031935217033110e-17
8.803605878680999685e-07 1.230067450415038720e-17
8.817710270832510637e-07 1.233054934328085475e-17
8.832180607917232250e-07 1.236595173829320746e-17
8.847152232416184045e-07 1.239184726007459139e-17
8.862740965798430114e-07 1.242396802906183733e-17
8.878608586976436518e-07 1.246477683857805438e-17
8.895071033878756056e-07 1.248853848352990926e-17
8.912089567632328236e-07 1.252700092714084604e-17
8.929577914442026634e-07 1.258261937523731073e-17
8.947582922832288631e-07 1.260228411820516720e-17
8.966116633184720835e-07 1.264236924970617226e-17
8.985151154711836129e-07 1.269891388067579206e-17
9.004703749888577047e-07 1.275549141320760955e-17
9.025180287169117503e-07 1.275340569215711940e-17
9.046031059214584775e-07 1.279726008055223867e-17
9.067452722167905041e-07 1.284861565870167228e-17
9.089492186723897009e-07 1.290970785723931110e-17
9.112234497963455366e-07 1.293193783257774634e-17
9.135543274392213619e-07 1.296637666689921440e-17
9.159491423731815976e-07 1.302749124933772455e-17
9.184174867037930853e-07 1.307442963834977284e-17
9.209491733528212136e-07 1.311913601513992550e-17
9.235532642001405608e-07 1.316190942888235286e-17
9.262077200806330578e-07 1.322352558438438135e-17
9.289644302349689025e-07 1.325957147917644558e-17
9.317710472002571419e-07 1.331086065319518909e-17
9.346806565944717038e-07 1.335887747047627361e-17
9.376661034862805595e-07 1.341015033465493453e-17
9.407096765187331415e-07 1.348362965087178040e-17
9.438393766059324033e-07 1.352376659280847690e-17
9.470480112769784880e-07 1.356984035297541196e-17
9.503396785136024196e-07 1.362775228342574352e-17
9.537100111985704318e-07 1.368944208014107273e-17
9.571857090265820732e-07 1.374390142691358534e-17
9.607345581313411054e-07 1.380411714294911926e-17
9.643862197190148403e-07 1.387809771053306327e-17
9.681282658298106833e-07 1.394518358672873602e-17
9.719780224849410501e-07 1.399077183096980559e-17
9.759036515992233532e-07 1.406010035163577272e-17
9.799328595049498064e-07 1.412098041032064841e-17
9.840570746418175757e-07 1.418399083468646658e-17
9.883017314094383176e-07 1.424593143109422776e-17
9.926225211151656602e-07 1.431327693986435011e-17
9.970770665699388007e-07 1.438534269660647074e-17
1.001603156611089679e-06 1.445568084897368988e-17
1.006271447126471421e-06 1.452276087570160308e-17
1.011048421989308152e-06 1.458862465989670432e-17
1.015930722723359934e-06 1.465532683477977335e-17
1.020931727623887665e-06 1.471776739657477946e-17
1.026057872159564782e-06 1.479657107992520889e-17
1.031277198309439831e-06 1.486036147323616298e-17
1.036638348756020249e-06 1.494693948371642887e-17
1.042115493437209952e-06 1.502189210129915054e-17
1.047705218369640328e-06 1.507909315973413097e-17
1.053458717739817015e-06 1.522066002125117525e-17
1.059315639312287967e-06 1.523384093904531238e-17
1.065293175818028536e-06 1.528749896713190415e-17
1.071423482104539827e-06 1.535550061866669604e-17
1.077664178727490279e-06 1.542226864445471670e-17
1.084069923441935183e-06 1.550256766780570513e-17
1.090592511881597215e-06 1.555780925512089158e-17
1.097242579275343976e-06 1.563042367179994268e-17
1.104031117073931202e-06 1.573679123170745821e-17
1.110969216395541056e-06 1.577351937585075534e-17
1.118030748060011093e-06 1.583558977076287981e-17
1.125228024130881470e-06 1.590317201873442811e-17
1.132565793153104880e-06 1.595753524671685967e-17
1.140044181495762623e-06 1.601742107173221271e-17
1.147664996211882445e-06 1.610872547008113775e-17
1.155419041795482225e-06 1.614942279596823979e-17
1.163315143436814177e-06 1.618975320453105740e-17
1.171340970670262336e-06 1.625782490828265391e-17
1.179491024259825813e-06 1.628674312615950815e-17
1.187761542405806627e-06 1.632187565202948763e-17
1.196155966198581173e-06 1.636363091629309729e-17
1.204707695690412898e-06 1.642762974793546400e-17
1.213307345798384835e-06 1.642614123568596275e-17
1.222067723281208198e-06 1.647540358979656840e-17
1.230913104650298996e-06 1.654480125107895038e-17
1.239833284542667970e-06 1.652818257352187765e-17
1.248876613413769658e-06 1.651360058480812966e-17
1.257972325847422315e-06 1.650749088329151033e-17
1.267105420050528987e-06 1.649934228137539202e-17
1.276315374387049413e-06 1.647824374512293572e-17
1.285569784557929697e-06 1.646650702951603410e-17
1.294810709290904853e-06 1.642122437574087169e-17
1.304106701594819351e-06 1.638079702139224821e-17
1.313384648145150952e-06 1.634524989139900921e-17
1.322587907347678137e-06 1.626366488732273302e-17
1.331762800400747223e-06 1.618751786176392386e-17
1.340879118534831430e-06 1.609672752922548123e-17
1.349885588498023618e-06 1.598516971808526776e-17
1.358770763845799401e-06 1.588438637875898414e-17
1.367517131226266033e-06 1.574395604717441395e-17
1.376104778717962293e-06 1.561726647020763203e-17
1.384493970923461981e-06 1.547552278044439940e-17
1.392675554412304159e-06 1.532344514031834467e-17
1.400592192935221816e-06 1.516708457035111380e-17
1.408256324136971890e-06 1.501251194408716872e-17
1.415581802793149899e-06 1.483242873892276506e-17
1.422661174902423534e-06 1.465571879609035803e-17
1.429344867263376675e-06 1.448910414883782186e-17
1.435681884725356036e-06 1.434576774373332394e-17
1.441702986353862762e-06 1.416432310460455893e-17
1.447285627045527336e-06 1.402320927761040897e-17
1.452570120945252878e-06 1.385577820088315047e-17
1.457420495671038485e-06 1.372613630167598770e-17
1.461901876629506585e-06 1.359879587640526932e-17
1.465991657525435437e-06 1.346232137980095794e-17
1.469739246219538177e-06 1.333111668405080519e-17
1.473095568607293340e-06 1.323001835177762031e-17
1.476133302266937600e-06 1.312378060763604043e-17
1.478908052548834919e-06 1.302669286826710722e-17
1.481206873079073437e-06 1.294930610457913871e-17
1.483303224910121757e-06 1.287796189776840956e-17
1.485092568197662249e-06 1.277774366866046657e-17
1.486657302574486127e-06 1.270842335199137878e-17
1.487975366068516269e-06 1.267313465904915436e-17
1.489078287886873960e-06 1.256782613500961338e-17
1.490017609581846367e-06 1.252402617307588248e-17
1.490751614572240434e-06 1.246172786235999984e-17
1.491333287548034088e-06 1.241433404673593552e-17
1.491786349589656464e-06 1.237113228490823563e-17
1.492147091082363697e-06 1.232326579493116358e-17
1.492351122829731703e-06 1.227866016058751495e-17
1.492524183986579356e-06 1.223688267046269585e-17
1.492620487555030621e-06 1.222055107336187049e-17
1.492670885438408020e-06 1.217751641891772895e-17
1.492639200773887431e-06 1.214929739393321184e-17
1.492609685566186248e-06 1.211031204866529427e-17
1.492544514502478380e-06 1.209261745496943736e-17
1.492482774518076782e-06 1.205290100988657138e-17
1.492399994772366650e-06 1.204569546595087019e-17
1.492325442082506362e-06 1.201312780988754155e-17
1.492291473864707746e-06 1.199255493272853281e-17
1.492224955140711316e-06 1.199440627369903821e-17
1.492188096379878711e-06 1.194991082055619431e-17
1.492198957024431193e-06 1.193125204623484738e-17
1.5e-06 1