4.841614255765724651e-07 1.093081435836338664e-16
4.841680517389603290e-07 1.093417587673423025e-16
4.841887021509476766e-07 1.093700350496426681e-16
4.842316820489848707e-07 1.093888693132676480e-16
4.842850292865883809e-07 1.094348008471937390e-16
4.843576115105764723e-07 1.095214495612328287e-16
4.844420055168765338e-07 1.096385260867046210e-16
4.845394316963440624e-07 1.096136066433219421e-16
4.846630298459091756e-07 1.096732871844181695e-16
4.847982739764157299e-07 1.097748060611320603e-16
4.849475153946070241e-07 1.098665053866532817e-16
4.851101822989398500e-07 1.099894085720969850e-16
4.852962007517358289e-07 1.100839081609648761e-16
4.854952118848024029e-07 1.102226323786265648e-16
4.857184657147137233e-07 1.103276237263589421e-16
4.859441396189076002e-07 1.104578337512755829e-16
4.861978914867905482e-07 1.105701573151607798e-16
4.864690532916770597e-07 1.107408262963331166e-16
4.867506727417343013e-07 1.108967922324983869e-16
4.870507282710816228e-07 1.110695232740140110e-16
4.873724849453085821e-07 1.112482976018038252e-16
4.877251164530794641e-07 1.114807629235112427e-16
4.880649604306859561e-07 1.116303500644285999e-16
4.884410184729980061e-07 1.118556605376488399e-16
4.888261457826700461e-07 1.120611414752798723e-16
4.892427850114870339e-07 1.123243751912444319e-16
4.896721038108771031e-07 1.124899221137073072e-16
4.901253609166386858e-07 1.127625350499375521e-16
4.905893489979762483e-07 1.130132131980728262e-16
4.910820194099599685e-07 1.132424446321493731e-16
4.915851455631768418e-07 1.135411065839901142e-16
4.921207296983954332e-07 1.138038918379312138e-16
4.926773135723334215e-07 1.140534221303956159e-16
4.932518603401519909e-07 1.143987575867243575e-16
4.938490232373429675e-07 1.147030386370821939e-16
4.944623557680746682e-07 1.150106247271292215e-16
4.951017180434407379e-07 1.153258350541273735e-16
4.957661534319185305e-07 1.156669293628510981e-16
4.964518349681277528e-07 1.160257213637038621e-16
4.971620590052824060e-07 1.163557786517580014e-16
4.978984653565921576e-07 1.167722739306910379e-16
4.986572705867667115e-07 1.172104080415674930e-16
4.994455929600070651e-07 1.175345093338526557e-16
5.002545797516287511e-07 1.180768715731726806e-16
5.010927702973452899e-07 1.184396786115059686e-16
5.019566920564218644e-07 1.188799112588900800e-16
5.028543978390324514e-07 1.194089537469917458e-16
5.037688216697826493e-07 1.197439255302915611e-16
5.047159124621698987e-07 1.202737540333982502e-16
5.056911032988532364e-07 1.207488386221938116e-16
5.067004297343775905e-07 1.212812932307411437e-16
5.077361565642044089e-07 1.217989088918104201e-16
5.088073389945641099e-07 1.223315774780977896e-16
5.099064656670129616e-07 1.228920847900825654e-16
5.110382987553770693e-07 1.234284892394838450e-16
5.121983003020552524e-07 1.240205401473581256e-16
5.134019539911430254e-07 1.246255726062107770e-16
5.146278757405690758e-07 1.253027830816216005e-16
5.158927315631131178e-07 1.259182087088707252e-16
5.171944318689986496e-07 1.265994930484033256e-16
5.185303018523634365e-07 1.272406649624020524e-16
5.199080929911599596e-07 1.279521535383736608e-16
5.213231237919296541e-07 1.287239373249114398e-16
5.227752998194716271e-07 1.293575071703768874e-16
5.242658230159364062e-07 1.302471748768082390e-16
5.257959756436296522e-07 1.308700021708324727e-16
5.273650780282326432e-07 1.316242272229086727e-16
5.289802525931874203e-07 1.325008793105243993e-16
5.306346770424752674e-07 1.332534963492965426e-16
5.323339518748922728e-07 1.341175022781930005e-16
5.340775935307479122e-07 1.350105691847439023e-16
5.358701259191603143e-07 1.358856805967199913e-16
5.377023506051022375e-07 1.367362380385280910e-16
5.395838536466529758e-07 1.377529531812959548e-16
5.415152142462326340e-07 1.386381776454697013e-16
5.434955499776072221e-07 1.396038336143330480e-16
5.455249168174773961e-07 1.405941055093737562e-16
5.476041266747366966e-07 1.416176108329126811e-16
5.497371419773245641e-07 1.426976012849824998e-16
5.519273144502027136e-07 1.438286895631025777e-16
5.541711125481967082e-07 1.448871374356195541e-16
5.564624643949910369e-07 1.459178608689845246e-16
5.588146731696113826e-07 1.471055920547690182e-16
5.612199157033396855e-07 1.482424856815809153e-16
5.636931641024903280e-07 1.495443392699653575e-16
5.662198406444266359e-07 1.506164886252891384e-16
5.688022310367039536e-07 1.518576700708836310e-16
5.714494993763805005e-07 1.531261254203937809e-16
5.741704352095428771e-07 1.543346757707507608e-16
5.769381043387774788e-07 1.556906527931038602e-16
5.797696658580282938e-07 1.569911805375814888e-16
5.826704119245914903e-07 1.583796991549134545e-16
5.856537323528784174e-07 1.597814320376750685e-16
5.886857878829139805e-07 1.611656017072360988e-16
5.918000800229017238e-07 1.625655415289885586e-16
5.949789182734815183e-07 1.640587990280678158e-16
5.982216888364468896e-07 1.656838136197198097e-16
6.015449774304074839e-07 1.671618166499194769e-16
6.049457071939070359e-07 1.684958325365646521e-16
6.084048156475525239e-07 1.703636296858186747e-16
6.119370242130281145e-07 1.717497186861985882e-16
6.155456918839380826e-07 1.734978633539325369e-16
6.192408106681416584e-07 1.750983612099582090e-16
6.230103096896885577e-07 1.766495452811009240e-16
6.268450938495736944e-07 1.782636896980299499e-16
6.307611447844965433e-07 1.797711479062535803e-16
6.347739647043376927e-07 1.814225577165677155e-16
6.388382534249591666e-07 1.831558356796200019e-16
6.429859753744424286e-07 1.849037758317021835e-16
6.472292144964053663e-07 1.866538231124211077e-16
6.515285742784390265e-07 1.882585901488521943e-16
6.559134404325116324e-07 1.899392922866916317e-16
6.603554048748178208e-07 1.916099118819709790e-16
6.649049144457970561e-07 1.933816995124545639e-16
6.695034344767349936e-07 1.950461697950834535e-16
6.741580735248166320e-07 1.969216478393328346e-16
6.789165676064564606e-07 1.984686879518210332e-16
6.837261075159818278e-07 1.999125490620943410e-16
6.885972536492351366e-07 2.016862677149846250e-16
6.935457287520616822e-07 2.030571726813869605e-16
6.985423432785774195e-07 2.045464143753610473e-16
7.035995826011750629e-07 2.060172903030352594e-16
7.087056443433042790e-07 2.073470248349838326e-16
7.138446582235958936e-07 2.085233514783455238e-16
7.190424708881645744e-07 2.097869026260779130e-16
7.242449232594595289e-07 2.108676016060919121e-16
7.294952692086637656e-07 2.119040943149586914e-16
7.347589390987768123e-07 2.128234489548594318e-16
7.400359377058087651e-07 2.136586785781500006e-16
7.453178019650631471e-07 2.140521084241578351e-16
7.505493221029867488e-07 2.148094424344619148e-16
7.558140432317306827e-07 2.151600751500165600e-16
7.610019313852874566e-07 2.156499408980543904e-16
7.661788867995417468e-07 2.152504584234020334e-16
7.712702830336889533e-07 2.149794935951629111e-16
7.763070827483928345e-07 2.147201696695325198e-16
7.812679244676086088e-07 2.142888012726540353e-16
7.861083750065771821e-07 2.136163140591090875e-16
7.908522137345647579e-07 2.130997354673567976e-16
7.954574018355252628e-07 2.121157382180008697e-16
7.999359440886548150e-07 2.109945911566745399e-16
8.042628525109226497e-07 2.101325301062768082e-16
8.084253212600851864e-07 2.089364889612424454e-16
8.124043944656071288e-07 2.077636699650118767e-16
8.162356931318790087e-07 2.066382734383258697e-16
8.198083719876133648e-07 2.056128719110256040e-16
8.232241229654832582e-07 2.040883187291482479e-16
8.264084335386273312e-07 2.028279598245314076e-16
8.294038095421676862e-07 2.016652913100995071e-16
8.321771709616783627e-07 2.005853091735780772e-16
8.347507752074790124e-07 1.995318375370085214e-16
8.371058364092318907e-07 1.984184706125822022e-16
8.392640687859940048e-07 1.974977770722381382e-16
8.412208257046517245e-07 1.964408274365948778e-16
8.429837580899565621e-07 1.955747088576400025e-16
8.445749769285657940e-07 1.947385825226359386e-16
8.459907751433371646e-07 1.939870050922485014e-16
8.472526954723328372e-07 1.933186906465981909e-16
8.483424578862665115e-07 1.925843557629948911e-16
8.493014111218444170e-07 1.918416473792112467e-16
8.501384007264281419e-07 1.912707253349434798e-16
8.508415921816489341e-07 1.907916894255910861e-16
8.514452542867627464e-07 1.900405692798883459e-16
8.519594203956400112e-07 1.896345349426011827e-16
8.523577403876303327e-07 1.889973126048298326e-16
8.526971475009775633e-07 1.884778050396805503e-16
8.529527652135926943e-07 1.883661497458446654e-16
8.531806534747144871e-07 1.876307605799995184e-16
8.533468902062036026e-07 1.871800870554317428e-16
8.534396300518807999e-07 1.867637968405541749e-16
8.535212467961016527e-07 1.864330551360860707e-16
8.535709570438264013e-07 1.861563468830375743e-16
8.536004156813258705e-07 1.857503259071508707e-16
8.536162468873435936e-07 1.853873015406327103e-16
8.536232020172743484e-07 1.851200390895101846e-16
8.536261102807758830e-07 1.848717363032773161e-16
8.536152829005277644e-07 1.848289429289692787e-16
8.536032468207413518e-07 1.843070451525962386e-16
8.535971293764565225e-07 1.842990769403529111e-16
8.535831680848625385e-07 1.839170236356275018e-16
8.535870483935118081e-07 1.836228650005154129e-16
8.536002106806494063e-07 2.649871653054881707e-16
8.536822694011625632e-07 2.650753701108604527e-16
8.538007157125709487e-07 2.650739259209464631e-16
8.539516940724437609e-07 2.653490294719100731e-16
8.541073242950312075e-07 2.654215812540177604e-16
8.543155072430893999e-07 2.657557468459648206e-16
8.545318235628961271e-07 2.660309493511404903e-16
8.547850672217065252e-07 2.664607087027764843e-16
8.550700956100279605e-07 2.663942230449264319e-16
8.553644955529475064e-07 2.666644091108652822e-16
8.556994195917748332e-07 2.670618755891079158e-16
8.560557609861505672e-07 2.674800756999326115e-16
8.564512794132737841e-07 2.677505030437818595e-16
8.568631181994799044e-07 2.681930294012984259e-16
8.573040771629079407e-07 2.688104747383436009e-16
8.577740447154104224e-07 2.689020776324957088e-16
8.582865187665403722e-07 2.692293089721900348e-16
8.588111423457198976e-07 2.697873604952579439e-16
8.593847784535026354e-07 2.703761743930952031e-16
8.599580348574329710e-07 2.707556499986697636e-16
8.605822972459820886e-07 2.721207308576539533e-16
8.612401249786061495e-07 2.718047982437961147e-16
8.619223301243111506e-07 2.724384271897188021e-16
8.626413765367389069e-07 2.732036580331099951e-16
8.633938936100247022e-07 2.737454642516711025e-16
8.641841355417970720e-07 2.743574279627720414e-16
8.649998793519635385e-07 2.750585237442606880e-16
8.658456974365041314e-07 2.757446439512057009e-16
8.667309305635732307e-07 2.765683196262769808e-16
8.676528927628416567e-07 2.774699948182585774e-16
8.686158007992613112e-07 2.781298132559956085e-16
8.696105971778489780e-07 2.789514083627790158e-16
8.706480646972646537e-07 2.797469563696843157e-16
8.717154286648830763e-07 2.809729839741579947e-16
8.728297633184801547e-07 2.818868687851584487e-16
8.739847882395305405e-07 2.825936822926303593e-16
8.751674649752774742e-07 2.836007815019731883e-16
8.764058514930760187e-07 2.846058467011687924e-16
8.776787872698274296e-07 2.855908319740791748e-16
8.790019481822769855e-07 2.872550625826599116e-16
8.803605878680999685e-07 2.879412040387617269e-16
8.817710270832510637e-07 2.891026982077167117e-16
8.832180607917232250e-07 2.904082626408602229e-16
8.847152232416184045e-07 2.915094261478918486e-16
8.862740965798430114e-07 2.927797151027370029e-16
8.878608586976436518e-07 2.942670013515967498e-16
8.895071033878756056e-07 2.953743015857927649e-16
8.912089567632328236e-07 2.968505315717272909e-16
8.929577914442026634e-07 2.987532667456811212e-16
8.947582922832288631e-07 2.998231402461190660e-16
8.966116633184720835e-07 3.013994572141121495e-16
8.985151154711836129e-07 3.033898324250707530e-16
9.004703749888577047e-07 3.054042734571130665e-16
9.025180287169117503e-07 3.060482832277441797e-16
9.046031059214584775e-07 3.078097313004000919e-16
9.067452722167905041e-07 3.097763678334954245e-16
9.089492186723897009e-07 3.120053427177931225e-16
9.112234497963455366e-07 3.133241135476370422e-16
9.135543274392213619e-07 3.149616277910517564e-16
9.159491423731815976e-07 3.172751609265870303e-16
9.184174867037930853e-07 3.192758605052580529e-16
9.209491733528212136e-07 3.212501426077715813e-16
9.235532642001405608e-07 3.232082948819352228e-16
9.262077200806330578e-07 3.256540712763357101e-16
9.289644302349689025e-07 3.275130427107465234e-16
9.317710472002571419e-07 3.297725683438310636e-16
9.346806565944717038e-07 3.319949810058182015e-16
9.376661034862805595e-07 3.343330057677224432e-16
9.407096765187331415e-07 3.372553817758450405e-16
9.438393766059324033e-07 3.393839213586766718e-16
9.470480112769784880e-07 3.416970700226670758e-16
9.503396785136024196e-07 3.443472345308469359e-16
9.537100111985704318e-07 3.471319238998979500e-16
9.571857090265820732e-07 3.497821355420702046e-16
9.607345581313411054e-07 3.526162575011106985e-16
9.643862197190148403e-07 3.558525472934529326e-16
9.681282658298106833e-07 3.589592133426031519e-16
9.719780224849410501e-07 3.615637446444098224e-16
9.759036515992233532e-07 3.648218817869963894e-16
9.799328595049498064e-07 3.679132327000304308e-16
9.840570746418175757e-07 3.711091415641312521e-16
9.883017314094383176e-07 3.743363228838810218e-16
9.926225211151656602e-07 3.777490440624100200e-16
9.970770665699388007e-07 3.813534474167350360e-16
1.001603156611089679e-06 3.849563652807793718e-16
1.006271447126471421e-06 3.885438906327457151e-16
1.011048421989308152e-06 3.921574691306786433e-16
1.015930722723359934e-06 3.958513962880748234e-16
1.020931727623887665e-06 3.994933567034571634e-16
1.026057872159564782e-06 4.036474052188038698e-16
1.031277198309439831e-06 4.074480751677727638e-16
1.036638348756020249e-06 4.119506852144771234e-16
1.042115493437209952e-06 4.162021566155654846e-16
1.047705218369640328e-06 4.200260937451254873e-16
1.053458717739817015e-06 4.262957328871027474e-16
1.059315639312287967e-06 4.290350485609475317e-16
1.065293175818028536e-06 4.329736794945558056e-16
1.071423482104539827e-06 4.374001482651183031e-16
1.077664178727490279e-06 4.418586089615006585e-16
1.084069923441935183e-06 4.467970474116851696e-16
1.090592511881597215e-06 4.510846162850391133e-16
1.097242579275343976e-06 4.559509283938142872e-16
1.104031117073931202e-06 4.618912928365520844e-16
1.110969216395541056e-06 4.658760813879052168e-16
1.118030748060011093e-06 4.706794333019622991e-16
1.125228024130881470e-06 4.757282142277765335e-16
1.132565793153104880e-06 4.804643602018762360e-16
1.140044181495762623e-06 4.854488130692954217e-16
1.147664996211882445e-06 4.914763867359025337e-16
1.155419041795482225e-06 4.960437355254747326e-16
1.163315143436814177e-06 5.006775108971460049e-16
1.171340970670262336e-06 5.062478730203622165e-16
1.179491024259825813e-06 5.106733743487079140e-16
1.187761542405806627e-06 5.153597265439983092e-16
1.196155966198581173e-06 5.203258392074251139e-16
1.204707695690412898e-06 5.260913583651377273e-16
1.213307345798384835e-06 5.297946701430387478e-16
1.222067723281208198e-06 5.352159918526777801e-16
1.230913104650298996e-06 5.413562768092311525e-16
1.239833284542667970e-06 5.447271800550648512e-16
1.248876613413769658e-06 5.482117157307787282e-16
1.257972325847422315e-06 5.519954009683278815e-16
1.267105420050528987e-06 5.557237369599656476e-16
1.276315374387049413e-06 5.590423281317332071e-16
1.285569784557929697e-06 5.626898286438234733e-16
1.294810709290904853e-06 5.651710092703810567e-16
1.304106701594819351e-06 5.678221071922198438e-16
1.313384648145150952e-06 5.706156839368347824e-16
1.322587907347678137e-06 5.717408671218202193e-16
1.331762800400747223e-06 5.730063881419634440e-16
1.340879118534831430e-06 5.736877730770625659e-16
1.349885588498023618e-06 5.735333249692177265e-16
1.358770763845799401e-06 5.736634495343529670e-16
1.367517131226266033e-06 5.722467342149962066e-16
1.376104778717962293e-06 5.712015576879769831e-16
1.384493970923461981e-06 5.694629892893393123e-16
1.392675554412304159e-06 5.671942159008169156e-16
1.400592192935221816e-06 5.645932069497775888e-16
1.408256324136971890e-06 5.618927468687740570e-16
1.415581802793149899e-06 5.580360282590639694e-16
1.422661174902423534e-06 5.541410764523951543e-16
1.429344867263376675e-06 5.504111365038907375e-16
1.435681884725356036e-06 5.473784877486624748e-16
1.441702986353862762e-06 5.427183737890662343e-16
1.447285627045527336e-06 5.393888352706652637e-16
1.452570120945252878e-06 5.348916696385856397e-16
1.457420495671038485e-06 5.316535249858390863e-16
1.461901876629506585e-06 5.283382780087384063e-16
1.465991657525435437e-06 5.244968816671554769e-16
1.469739246219538177e-06 5.207106925051613278e-16
1.473095568607293340e-06 5.179399899761115098e-16
1.476133302266937600e-06 5.148386733663582479e-16
1.478908052548834919e-06 5.119890133245408308e-16
1.481206873079073437e-06 5.097372918334918849e-16
1.483303224910121757e-06 5.076451733763695974e-16
1.485092568197662249e-06 5.043012217814826175e-16
1.486657302574486127e-06 5.020929379203959114e-16
1.487975366068516269e-06 5.011419126313968583e-16
1.489078287886873960e-06 4.973453920427691462e-16
1.490017609581846367e-06 4.959242183700242499e-16
1.490751614572240434e-06 4.937000221479055541e-16
1.491333287548034088e-06 4.920139917584449659e-16
1.491786349589656464e-06 4.904504925868311249e-16
1.492147091082363697e-06 4.886707822356499179e-16
1.492351122829731703e-06 4.869684428287517544e-16
1.492524183986579356e-06 4.853677443536516965e-16
1.492620487555030621e-06 4.847511865680652869e-16
1.492670885438408020e-06 4.830604186319582342e-16
1.492639200773887431e-06 4.819308070270025276e-16
1.492609685566186248e-06 4.803748772354757725e-16
1.492544514502478380e-06 4.796520839973742898e-16
1.492482774518076782e-06 4.780569933595837359e-16
1.492399994772366650e-06 4.777447429278909569e-16
1.492325442082506362e-06 4.764293143850466940e-16
1.492291473864707746e-06 4.756026055938867358e-16
1.492224955140711316e-06 4.756548583857827830e-16
1.492188096379878711e-06 4.738786434236122208e-16
1.492198957024431193e-06 4.731421599710622533e-16
