4.8e-07 1
4.841614255765724651e-07 1.912661801544120809e-17
4.841680517389603290e-07 1.913250000899938576e-17
4.841887021509476766e-07 1.913744790471336724e-17
4.842316820489848707e-07 1.914074380128778865e-17
4.842850292865883809e-07 1.914878122046596411e-17
4.843576115105764723e-07 1.916394342110970605e-17
4.844420055168765338e-07 1.918442993002421836e-17
4.845394316963440624e-07 1.918007023008004457e-17
4.846630298459091756e-07 1.919051392624718973e-17
4.847982739764157299e-07 1.920827853201131474e-17
4.849475153946070241e-07 1.922432502269566573e-17
4.851101822989398500e-07 1.924583162791843238e-17
4.852962007517358289e-07 1.926236836741806514e-17
4.854952118848024029e-07 1.928664358095721078e-17
4.857184657147137233e-07 1.930501642505312547e-17
4.859441396189076002e-07 1.932780202892805816e-17
4.861978914867905482e-07 1.934745807937287180e-17
4.864690532916770597e-07 1.937732348216433815e-17
4.867506727417343013e-07 1.940461624083370064e-17
4.870507282710816228e-07 1.943484267941122660e-17
4.873724849453085821e-07 1.946612672865762438e-17
4.877251164530794641e-07 1.950680580920819249e-17
4.880649604306859561e-07 1.953298285783777371e-17
4.884410184729980061e-07 1.957241017892229425e-17
4.888261457826700461e-07 1.960836782185091759e-17
4.892427850114870339e-07 1.965443123952719946e-17
4.896721038108771031e-07 1.968340160394047582e-17
4.901253609166386858e-07 1.973110648648106150e-17
4.905893489979762483e-07 1.977497333183759462e-17
4.910820194099599685e-07 1.981508767232605244e-17
4.915851455631768418e-07 1.986735101533747780e-17
4.921207296983954332e-07 1.991333693626640737e-17
4.926773135723334215e-07 1.995700368833023665e-17
4.932518603401519909e-07 2.001743453272944337e-17
4.938490232373429675e-07 2.007068189541795663e-17
4.944623557680746682e-07 2.012450772164824811e-17
4.951017180434407379e-07 2.017966785833236272e-17
4.957661534319185305e-07 2.023935738515972664e-17
4.964518349681277528e-07 2.030214384475107616e-17
4.971620590052824060e-07 2.035990253704900507e-17
4.978984653565921576e-07 2.043278636689961869e-17
4.986572705867667115e-07 2.050945677534290160e-17
4.994455929600070651e-07 2.056617401438294457e-17
5.002545797516287511e-07 2.066108274108963477e-17
5.010927702973452899e-07 2.072457319613003176e-17
5.019566920564218644e-07 2.080161183905492086e-17
5.028543978390324514e-07 2.089419076370843231e-17
5.037688216697826493e-07 2.095281137247150240e-17
5.047159124621698987e-07 2.104552836619790624e-17
5.056911032988532364e-07 2.112866655907898503e-17
5.067004297343775905e-07 2.122184372911003611e-17
5.077361565642044089e-07 2.131242467494566630e-17
5.088073389945641099e-07 2.140563996618824916e-17
5.099064656670129616e-07 2.150372681692319310e-17
5.110382987553770693e-07 2.159759650491765328e-17
5.121983003020552524e-07 2.170120358630950002e-17
5.134019539911430254e-07 2.180708266926814486e-17
5.146278757405690758e-07 2.192559183470286932e-17
5.158927315631131178e-07 2.203329029507587750e-17
5.171944318689986496e-07 2.215251322959811861e-17
5.185303018523634365e-07 2.226471768906012843e-17
5.199080929911599596e-07 2.238922675606366244e-17
5.213231237919296541e-07 2.252428685176399617e-17
5.227752998194716271e-07 2.263516258514406105e-17
5.242658230159364062e-07 2.279085122015012014e-17
5.257959756436296522e-07 2.289984825823999612e-17
5.273650780282326432e-07 2.303183803107703760e-17
5.289802525931874203e-07 2.318525094281939286e-17
5.306346770424752674e-07 2.331696056096989924e-17
5.323339518748922728e-07 2.346816188009294800e-17
5.340775935307479122e-07 2.362444902734872097e-17
5.358701259191603143e-07 2.377759501735934630e-17
5.377023506051022375e-07 2.392644515202162890e-17
5.395838536466529758e-07 2.410437075233120204e-17
5.415152142462326340e-07 2.425928857727291490e-17
5.434955499776072221e-07 2.442828133476338001e-17
5.455249168174773961e-07 2.460158229720974595e-17
5.476041266747366966e-07 2.478069941891245335e-17
5.497371419773245641e-07 2.496970143368830199e-17
5.519273144502027136e-07 2.516764573418256736e-17
5.541711125481967082e-07 2.535288016317409470e-17
5.564624643949910369e-07 2.553326420923920619e-17
5.588146731696113826e-07 2.574112319612681285e-17
5.612199157033396855e-07 2.594008750786665837e-17
5.636931641024903280e-07 2.616791849385200815e-17
5.662198406444266359e-07 2.635555598361975792e-17
5.688022310367039536e-07 2.657277266349588115e-17
5.714494993763805005e-07 2.679476321768886280e-17
5.741704352095428771e-07 2.700627278513298193e-17
5.769381043387774788e-07 2.724358105056166420e-17
5.797696658580282938e-07 2.747118797752865803e-17
5.826704119245914903e-07 2.771419361351608521e-17
5.856537323528784174e-07 2.795951336044593153e-17
5.886857878829139805e-07 2.820176121896783100e-17
5.918000800229017238e-07 2.844677051631574359e-17
5.949789182734815183e-07 2.870811087322397412e-17
5.982216888364468896e-07 2.899250878922745393e-17
6.015449774304074839e-07 2.925118367218513045e-17
6.049457071939070359e-07 2.948466465321718836e-17
6.084048156475525239e-07 2.981155259240844392e-17
6.119370242130281145e-07 3.005414966176454205e-17
6.155456918839380826e-07 3.036010438455623166e-17
6.192408106681416584e-07 3.064022513098430110e-17
6.230103096896885577e-07 3.091171885235248210e-17
6.268450938495736944e-07 3.119423219424923851e-17
6.307611447844965433e-07 3.145807912516365106e-17
6.347739647043376927e-07 3.174711892744591524e-17
6.388382534249591666e-07 3.205048712952278161e-17
6.429859753744424286e-07 3.235642394813487194e-17
6.472292144964053663e-07 3.266273264095170503e-17
6.515285742784390265e-07 3.294362114917817768e-17
6.559134404325116324e-07 3.323780069500348007e-17
6.603554048748178208e-07 3.353021856356332867e-17
6.649049144457970561e-07 3.384034366284571498e-17
6.695034344767349936e-07 3.413169175376135712e-17
6.741580735248166320e-07 3.445996764185422798e-17
6.789165676064564606e-07 3.473077288824121833e-17
6.837261075159818278e-07 3.498352522243345513e-17
6.885972536492351366e-07 3.529400380366406540e-17
6.935457287520616822e-07 3.553399560288661704e-17
6.985423432785774195e-07 3.579469857567868479e-17
7.035995826011750629e-07 3.605219079158870163e-17
7.087056443433042790e-07 3.628498676651252951e-17
7.138446582235958936e-07 3.649093944516101729e-17
7.190424708881645744e-07 3.671215919307184631e-17
7.242449232594595289e-07 3.690138226965687123e-17
7.294952692086637656e-07 3.708287210112060343e-17
7.347589390987768123e-07 3.724386497703629256e-17
7.400359377058087651e-07 3.739013800360805202e-17
7.453178019650631471e-07 3.745909784579225218e-17
7.505493221029867488e-07 3.759174119278681392e-17
7.558140432317306827e-07 3.765321368847854365e-17
7.610019313852874566e-07 3.773905166219189860e-17
7.661788867995417468e-07 3.766925297808313924e-17
7.712702830336889533e-07 3.762194368469906485e-17
7.763070827483928345e-07 3.757667084336557982e-17
7.812679244676086088e-07 3.750128840038037341e-17
7.861083750065771821e-07 3.738370680660089191e-17
7.908522137345647579e-07 3.729340777549168225e-17
7.954574018355252628e-07 3.712130521524022238e-17
7.999359440886548150e-07 3.692519754040335268e-17
8.042628525109226497e-07 3.677442759328283462e-17
8.084253212600851864e-07 3.656520510959479622e-17
8.124043944656071288e-07 3.636004202869273407e-17
8.162356931318790087e-07 3.616317439641855377e-17
8.198083719876133648e-07 3.598380041606178392e-17
8.232241229654832582e-07 3.571706705449343122e-17
8.264084335386273312e-07 3.549656398830626353e-17
8.294038095421676862e-07 3.529315284520480065e-17
8.321771709616783627e-07 3.510420718505903657e-17
8.347507752074790124e-07 3.491989630171911613e-17
8.371058364092318907e-07 3.472509800957990029e-17
8.392640687859940048e-07 3.456401472203348239e-17
8.412208257046517245e-07 3.437908059989708660e-17
8.429837580899565621e-07 3.422753929655106448e-17
8.445749769285657940e-07 3.408124299077022796e-17
8.459907751433371646e-07 3.394973962655377076e-17
8.472526954723328372e-07 3.383280467990792242e-17
8.483424578862665115e-07 3.370431162618526287e-17
8.493014111218444170e-07 3.357435018371681974e-17
8.501384007264281419e-07 3.347445048550189713e-17
8.508415921816489341e-07 3.339062893520233182e-17
8.514452542867627464e-07 3.325918748171325678e-17
8.519594203956400112e-07 3.318813787557535735e-17
8.523577403876303327e-07 3.307662532144208056e-17
8.526971475009775633e-07 3.298571287163700327e-17
8.529527652135926943e-07 3.296617732479212604e-17
8.531806534747144871e-07 3.283748078967343666e-17
8.533468902062036026e-07 3.275861135767802696e-17
8.534396300518807999e-07 3.268575784192701442e-17
8.535212467961016527e-07 3.262787603532254866e-17
8.535709570438264013e-07 3.257945002023967906e-17
8.536004156813258705e-07 3.250839240352953132e-17
8.536162468873435936e-07 3.244485939154462281e-17
8.536232020172743484e-07 3.239808560541883268e-17
8.536261102807758830e-07 3.235462988960653644e-17
8.536152829005277644e-07 3.234714034507565508e-17
8.536032468207413518e-07 3.225580212641888547e-17
8.535971293764565225e-07 3.225440747391931722e-17
8.535831680848625385e-07 3.218754356979574923e-17
8.535870483935118081e-07 3.213606258633910986e-17
8.536002106806494063e-07 4.637572886321037134e-17
8.536822694011625632e-07 4.639116812346338491e-17
8.538007157125709487e-07 4.639091888058471384e-17
8.539516940724437609e-07 4.643906957170481845e-17
8.541073242950312075e-07 4.645177156594355976e-17
8.543155072430893999e-07 4.651026049751502934e-17
8.545318235628961271e-07 4.655843047978960086e-17
8.547850672217065252e-07 4.663365078038651910e-17
8.550700956100279605e-07 4.662202352705876774e-17
8.553644955529475064e-07 4.666931794937919541e-17
8.556994195917748332e-07 4.673888913435614947e-17
8.560557609861505672e-07 4.681208961870378196e-17
8.564512794132737841e-07 4.685942937639510952e-17
8.568631181994799044e-07 4.693688897616228994e-17
8.573040771629079407e-07 4.704496235772437153e-17
8.577740447154104224e-07 4.706100810751923473e-17
8.582865187665403722e-07 4.711829290544661904e-17
8.588111423457198976e-07 4.721597437636756793e-17
8.593847784535026354e-07 4.731904119324805628e-17
8.599580348574329710e-07 4.738547138562258158e-17
8.605822972459820886e-07 4.762439595147032120e-17
8.612401249786061495e-07 4.756912408672483305e-17
8.619223301243111506e-07 4.768003775687919084e-17
8.626413765367389069e-07 4.781398461942398286e-17
8.633938936100247022e-07 4.790883059688687040e-17
8.641841355417970720e-07 4.801595628871696919e-17
8.649998793519635385e-07 4.813868213293675413e-17
8.658456974365041314e-07 4.825878815554128295e-17
8.667309305635732307e-07 4.840296952517774603e-17
8.676528927628416567e-07 4.856080315939918334e-17
8.686158007992613112e-07 4.867631025193200701e-17
8.696105971778489780e-07 4.882013155909678476e-17
8.706480646972646537e-07 4.895939586296316697e-17
8.717154286648830763e-07 4.917400099306159387e-17
8.728297633184801547e-07 4.933397880584821237e-17
8.739847882395305405e-07 4.945771793269315689e-17
8.751674649752774742e-07 4.963401229366634625e-17
8.764058514930760187e-07 4.980995281703642320e-17
8.776787872698274296e-07 4.998238054844899046e-17
8.790019481822769855e-07 5.027368779797182289e-17
8.803605878680999685e-07 5.039381724912536467e-17
8.817710270832510637e-07 5.059714229029288571e-17
8.832180607917232250e-07 5.082568341014875546e-17
8.847152232416184045e-07 5.101845355837868110e-17
8.862740965798430114e-07 5.124082574793170246e-17
8.878608586976436518e-07 5.150117725147021852e-17
8.895071033878756056e-07 5.169502807275995673e-17
8.912089567632328236e-07 5.195344977672415579e-17
8.929577914442026634e-07 5.228651892968427135e-17
8.947582922832288631e-07 5.247382673431623498e-17
8.966116633184720835e-07 5.274977276876036045e-17
8.985151154711836129e-07 5.309818837941449723e-17
9.004703749888577047e-07 5.345081880602727922e-17
9.025180287169117503e-07 5.356360510978125436e-17
9.046031059214584775e-07 5.387196405271867782e-17
9.067452722167905041e-07 5.421623767553595646e-17
9.089492186723897009e-07 5.460642860384183937e-17
9.112234497963455366e-07 5.483732154836577823e-17
9.135543274392213619e-07 5.512400343398921433e-17
9.159491423731815976e-07 5.552900465448484612e-17
9.184174867037930853e-07 5.587925852858881295e-17
9.209491733528212136e-07 5.622489273336348173e-17
9.235532642001405608e-07 5.656770820620940290e-17
9.262077200806330578e-07 5.699587099839580272e-17
9.289644302349689025e-07 5.732133712789409492e-17
9.317710472002571419e-07 5.771691196932190984e-17
9.346806565944717038e-07 5.810599733794467636e-17
9.376661034862805595e-07 5.851532231746789485e-17
9.407096765187331415e-07 5.902692580845876768e-17
9.438393766059324033e-07 5.939959680512348982e-17
9.470480112769784880e-07 5.980458391342746918e-17
9.503396785136024196e-07 6.026856227344902470e-17
9.537100111985704318e-07 6.075609164729448749e-17
9.571857090265820732e-07 6.122009173163189652e-17
9.607345581313411054e-07 6.171628662209101928e-17
9.643862197190148403e-07 6.228287841331259798e-17
9.681282658298106833e-07 6.282679053612520562e-17
9.719780224849410501e-07 6.328282490172990738e-17
9.759036515992233532e-07 6.385326396825397040e-17
9.799328595049498064e-07 6.439451993096696391e-17
9.840570746418175757e-07 6.495408485768789471e-17
9.883017314094383176e-07 6.551913336687260366e-17
9.926225211151656602e-07 6.611666470266429690e-17
9.970770665699388007e-07 6.674775729766106976e-17
1.001603156611089679e-06 6.737859867203614032e-17
1.006271447126471421e-06 6.800675847154538687e-17
1.011048421989308152e-06 6.863948951341559073e-17
1.015930722723359934e-06 6.928629533946427818e-17
1.020931727623887665e-06 6.992401769302473719e-17
1.026057872159564782e-06 7.065138500718316659e-17
1.031277198309439831e-06 7.131691158977265419e-17
1.036638348756020249e-06 7.210531615983181306e-17
1.042115493437209952e-06 7.284977745201233991e-17
1.047705218369640328e-06 7.351941959048116797e-17
1.053458717739817015e-06 7.461716513387069182e-17
1.059315639312287967e-06 7.509699156059153775e-17
1.065293175818028536e-06 7.578675710419133290e-17
1.071423482104539827e-06 7.656193105442898465e-17
1.077664178727490279e-06 7.734272147910753520e-17
1.084069923441935183e-06 7.820754794747642116e-17
1.090592511881597215e-06 7.895846420998320197e-17
1.097242579275343976e-06 7.981070383568597852e-17
1.104031117073931202e-06 8.085097024232852507e-17
1.110969216395541056e-06 8.154894883740706358e-17
1.118030748060011093e-06 8.239023255688573485e-17
1.125228024130881470e-06 8.327450021222661929e-17
1.132565793153104880e-06 8.410406582455341846e-17
1.140044181495762623e-06 8.497712104269437051e-17
1.147664996211882445e-06 8.603279939215702561e-17
1.155419041795482225e-06 8.683289161779614922e-17
1.163315143436814177e-06 8.764463736264360917e-17
1.171340970670262336e-06 8.862036095140417384e-17
1.179491024259825813e-06 8.939569919824343106e-17
1.187761542405806627e-06 9.021672609589183129e-17
1.196155966198581173e-06 9.108675377411517935e-17
1.204707695690412898e-06 9.209675517605457504e-17
1.213307345798384835e-06 9.274577147155734195e-17
1.222067723281208198e-06 9.369557362345886629e-17
1.230913104650298996e-06 9.477126731810245890e-17
1.239833284542667970e-06 9.536217134853537221e-17
1.248876613413769658e-06 9.597299492378411749e-17
1.257972325847422315e-06 9.663621062065425933e-17
1.267105420050528987e-06 9.728975711948298891e-17
1.276315374387049413e-06 9.787159405158394960e-17
1.285569784557929697e-06 9.851103426528140028e-17
1.294810709290904853e-06 9.894629945447687215e-17
1.304106701594819351e-06 9.941133225853716258e-17
1.313384648145150952e-06 9.990132276850413248e-17
1.322587907347678137e-06 1.000992222421819832e-16
1.331762800400747223e-06 1.003216990637572578e-16
1.340879118534831430e-06 1.004419091069008142e-16
1.349885588498023618e-06 1.004157764830160603e-16
1.358770763845799401e-06 1.004394612853532669e-16
1.367517131226266033e-06 1.001923083808003986e-16
1.376104778717962293e-06 1.000101922141728658e-16
1.384493970923461981e-06 9.970665260714985095e-17
1.392675554412304159e-06 9.931025769003823980e-17
1.400592192935221816e-06 9.885566182848737822e-17
1.408256324136971890e-06 9.838362369906327260e-17
1.415581802793149899e-06 9.770909259549879105e-17
1.422661174902423534e-06 9.702783510499243513e-17
1.429344867263376675e-06 9.637542341353218538e-17
1.435681884725356036e-06 9.584506458201578339e-17
1.441702986353862762e-06 9.502970070342887674e-17
1.447285627045527336e-06 9.444726865096016266e-17
1.452570120945252878e-06 9.366034812752102821e-17
1.457420495671038485e-06 9.309383432861750551e-17
1.461901876629506585e-06 9.251377805385210113e-17
1.465991657525435437e-06 9.184154719219134044e-17
1.469739246219538177e-06 9.117894427720720845e-17
1.473095568607293340e-06 9.069411517347628075e-17
1.476133302266937600e-06 9.015135906900738502e-17
1.478908052548834919e-06 8.965264065987292031e-17
1.481206873079073437e-06 8.925857603923494612e-17
1.483303224910121757e-06 8.889243752626765633e-17
1.485092568197662249e-06 8.830706177581463074e-17
1.486657302574486127e-06 8.792052664343537679e-17
1.487975366068516269e-06 8.775412280112699801e-17
1.489078287886873960e-06 8.708942710934708738e-17
1.490017609581846367e-06 8.684065811896764412e-17
1.490751614572240434e-06 8.645125251816346161e-17
1.491333287548034088e-06 8.615606939829500976e-17
1.491786349589656464e-06 8.588232995352158679e-17
1.492147091082363697e-06 8.557072089212262183e-17
1.492351122829731703e-06 8.527264507294501409e-17
1.492524183986579356e-06 8.499236445386147051e-17
1.492620487555030621e-06 8.488440860830716414e-17
1.492670885438408020e-06 8.458834427930457755e-17
1.492639200773887431e-06 8.439053586814343923e-17
1.492609685566186248e-06 8.411807542454417062e-17
1.492544514502478380e-06 8.399150156022828855e-17
1.492482774518076782e-06 8.371218072956895888e-17
1.492399994772366650e-06 8.365749509254637079e-17
1.492325442082506362e-06 8.342714453973409125e-17
1.492291473864707746e-06 8.328237709474220739e-17
1.492224955140711316e-06 8.329152086872198196e-17
1.492188096379878711e-06 8.298048596013730606e-17
1.492198957024431193e-06 8.285152197139802845e-17
1.5e-06 1